RunID,RowType,PlayerID,UnknownSelectMode,TargetUpdateMode,UnknownReferenceDepth,StepIndex,Frame,NodeName,NodePosX,NodePosY,NodePosZ,CellX,CellZ,GoalCellX,GoalCellZ,NodesCreated,ShortestPathLen,TimeToGoal,TotalNodeVisits,TotalProcessMs,AvgProcessMs,MaxProcessMs
47,VISIT,3009,Nearest,OnArrival,5,0,158,Node_4,18,0,10,18,10,,,,,,,,,
47,VISIT,3010,Nearest,OnArrival,5,0,158,Node_4,18,0,10,18,10,,,,,,,,,
47,VISIT,3009,Nearest,OnArrival,5,1,194,Node_15,18,0,9,18,9,,,,,,,,,
47,VISIT,3010,Nearest,OnArrival,5,1,226,Node_2,19,0,11,19,11,,,,,,,,,
47,VISIT,3009,Nearest,OnArrival,5,2,261,Node_8,17,0,10,17,10,,,,,,,,,
47,VISIT,3010,Nearest,OnArrival,5,2,261,Node_14,18,0,11,18,11,,,,,,,,,
47,VISIT,3009,Nearest,OnArrival,5,3,296,Node_24,16,0,10,16,10,,,,,,,,,
47,VISIT,3010,Nearest,OnArrival,5,3,296,Node_12,17,0,11,17,11,,,,,,,,,
47,VISIT,3009,Nearest,OnArrival,5,4,331,Node_21,16,0,11,16,11,,,,,,,,,
47,VISIT,3010,Nearest,OnArrival,5,4,331,Node_21,16,0,11,16,11,,,,,,,,,
47,VISIT,3009,Nearest,OnArrival,5,5,364,Node_28,15,0,11,15,11,,,,,,,,,
47,VISIT,3010,Nearest,OnArrival,5,5,364,Node_28,15,0,11,15,11,,,,,,,,,
47,VISIT,3013,Nearest,OnArrival,5,0,1774,Node_6,19,0,12,19,12,,,,,,,,,
47,VISIT,3014,Nearest,OnArrival,5,0,1774,Node_7,19,0,8,19,8,,,,,,,,,
47,VISIT,3015,Nearest,OnArrival,5,0,1774,Node_8,17,0,10,17,10,,,,,,,,,
47,VISIT,3016,Nearest,OnArrival,5,0,1774,Node_9,21,0,10,21,10,,,,,,,,,
47,VISIT,3015,Nearest,OnArrival,5,1,1809,Node_23,17,0,9,17,9,,,,,,,,,
47,VISIT,3014,Nearest,OnArrival,5,1,1877,Node_5,20,0,10,20,10,,,,,,,,,
47,VISIT,3013,Nearest,OnArrival,5,1,1944,Node_25,21,0,15,21,15,,,,,,,,,
47,VISIT,3014,Nearest,OnArrival,5,2,1944,Node_46,20,0,12,20,12,,,,,,,,,
47,VISIT,3014,Nearest,OnArrival,5,3,1978,Node_17,21,0,12,21,12,,,,,,,,,
47,VISIT,3014,Nearest,OnArrival,5,4,2010,Node_13,21,0,11,21,11,,,,,,,,,
47,VISIT,3013,Nearest,OnArrival,5,2,2043,Node_27,21,0,16,21,16,,,,,,,,,
47,VISIT,3014,Nearest,OnArrival,5,5,2043,Node_57,20,0,11,20,11,,,,,,,,,
47,VISIT,3013,Nearest,OnArrival,5,3,2075,Node_65,22,0,16,22,16,,,,,,,,,
47,VISIT,3014,Nearest,OnArrival,5,6,2075,Node_2,19,0,11,19,11,,,,,,,,,
47,VISIT,3014,Nearest,OnArrival,5,7,2108,Node_20,19,0,10,19,10,,,,,,,,,
47,VISIT,3014,Nearest,OnArrival,5,8,2140,Node_3,19,0,9,19,9,,,,,,,,,
47,VISIT,3014,Nearest,OnArrival,5,9,2172,Node_15,18,0,9,18,9,,,,,,,,,
47,VISIT,3014,Nearest,OnArrival,5,10,2205,Node_11,18,0,8,18,8,,,,,,,,,
47,VISIT,3014,Nearest,OnArrival,5,11,2237,Node_51,17,0,8,17,8,,,,,,,,,
47,VISIT,3014,Nearest,OnArrival,5,12,2271,Node_60,16,0,8,16,8,,,,,,,,,
47,VISIT,3014,Nearest,OnArrival,5,13,2305,Node_58,16,0,7,16,7,,,,,,,,,
47,VISIT,3014,Nearest,OnArrival,5,14,2530,Node_76,15,0,3,15,3,,,,,,,,,
47,VISIT,3017,Nearest,OnArrival,5,0,3324,Node_6,19,0,12,19,12,,,,,,,,,
47,VISIT,3018,Nearest,OnArrival,5,0,3324,Node_7,19,0,8,19,8,,,,,,,,,
47,VISIT,3019,Nearest,OnArrival,5,0,3324,Node_8,17,0,10,17,10,,,,,,,,,
47,VISIT,3020,Nearest,OnArrival,5,0,3324,Node_9,21,0,10,21,10,,,,,,,,,
47,VISIT,3017,Nearest,OnArrival,5,1,3356,Node_10,18,0,12,18,12,,,,,,,,,
47,VISIT,3018,Nearest,OnArrival,5,1,3356,Node_3,19,0,9,19,9,,,,,,,,,
47,VISIT,3019,Nearest,OnArrival,5,1,3356,Node_4,18,0,10,18,10,,,,,,,,,
47,VISIT,3017,Nearest,OnArrival,5,2,3388,Node_16,17,0,12,17,12,,,,,,,,,
47,VISIT,3018,Nearest,OnArrival,5,2,3388,Node_50,20,0,9,20,9,,,,,,,,,
47,VISIT,3019,Nearest,OnArrival,5,2,3388,Node_20,19,0,10,19,10,,,,,,,,,
47,VISIT,3017,Nearest,OnArrival,5,3,3419,Node_18,16,0,12,16,12,,,,,,,,,
47,VISIT,3018,Nearest,OnArrival,5,3,3419,Node_48,21,0,9,21,9,,,,,,,,,
47,VISIT,3019,Nearest,OnArrival,5,3,3419,Node_5,20,0,10,20,10,,,,,,,,,
47,VISIT,3020,Nearest,OnArrival,5,1,3419,Node_13,21,0,11,21,11,,,,,,,,,
47,VISIT,3017,Nearest,OnArrival,5,4,3442,Node_29,15,0,12,15,12,,,,,,,,,
47,VISIT,3019,Nearest,OnArrival,5,4,3442,Node_9,21,0,10,21,10,,,,,,,,,
47,VISIT,3020,Nearest,OnArrival,5,2,3442,Node_87,22,0,11,22,11,,,,,,,,,
47,VISIT,3017,Nearest,OnArrival,5,5,3474,Node_35,14,0,12,14,12,,,,,,,,,
47,VISIT,3018,Nearest,OnArrival,5,4,3474,Node_86,22,0,10,22,10,,,,,,,,,
47,VISIT,3019,Nearest,OnArrival,5,5,3474,Node_13,21,0,11,21,11,,,,,,,,,
47,VISIT,3019,Nearest,OnArrival,5,6,3505,Node_87,22,0,11,22,11,,,,,,,,,
47,VISIT,3018,Nearest,OnArrival,5,5,3535,Node_89,23,0,11,23,11,,,,,,,,,
47,VISIT,3019,Nearest,OnArrival,5,7,3535,Node_89,23,0,11,23,11,,,,,,,,,
47,VISIT,3017,Nearest,OnArrival,5,6,3566,Node_38,13,0,14,13,14,,,,,,,,,
47,VISIT,3018,Nearest,OnArrival,5,6,3596,Node_94,24,0,12,24,12,,,,,,,,,
47,VISIT,3019,Nearest,OnArrival,5,8,3596,Node_94,24,0,12,24,12,,,,,,,,,
47,VISIT,3017,Nearest,OnArrival,5,7,3658,Node_45,12,0,16,12,16,,,,,,,,,
47,VISIT,3017,Nearest,OnArrival,5,8,3689,Node_40,13,0,16,13,16,,,,,,,,,
47,VISIT,3020,Nearest,OnArrival,5,3,3689,Node_77,24,0,17,24,17,,,,,,,,,
47,VISIT,3017,Nearest,OnArrival,5,9,3720,Node_39,13,0,15,13,15,,,,,,,,,
47,VISIT,3017,Nearest,OnArrival,5,10,3751,Node_99,12,0,15,12,15,,,,,,,,,
47,VISIT,3017,Nearest,OnArrival,5,11,3782,Node_97,12,0,14,12,14,,,,,,,,,
47,VISIT,3018,Nearest,OnArrival,5,7,3782,Node_106,25,0,17,25,17,,,,,,,,,
47,VISIT,3019,Nearest,OnArrival,5,9,3782,Node_106,25,0,17,25,17,,,,,,,,,
47,VISIT,3021,Nearest,OnArrival,5,0,4760,Node_6,19,0,12,19,12,,,,,,,,,
47,VISIT,3022,Nearest,OnArrival,5,0,4760,Node_7,19,0,8,19,8,,,,,,,,,
47,VISIT,3023,Nearest,OnArrival,5,0,4760,Node_8,17,0,10,17,10,,,,,,,,,
47,VISIT,3024,Nearest,OnArrival,5,0,4760,Node_9,21,0,10,21,10,,,,,,,,,
47,VISIT,3021,Nearest,OnArrival,5,1,4790,Node_46,20,0,12,20,12,,,,,,,,,
47,VISIT,3022,Nearest,OnArrival,5,1,4790,Node_47,20,0,8,20,8,,,,,,,,,
47,VISIT,3023,Nearest,OnArrival,5,1,4790,Node_24,16,0,10,16,10,,,,,,,,,
47,VISIT,3024,Nearest,OnArrival,5,1,4790,Node_48,21,0,9,21,9,,,,,,,,,
47,VISIT,3021,Nearest,OnArrival,5,2,4821,Node_49,20,0,13,20,13,,,,,,,,,
47,VISIT,3022,Nearest,OnArrival,5,2,4821,Node_52,21,0,8,21,8,,,,,,,,,
47,VISIT,3023,Nearest,OnArrival,5,2,4821,Node_26,15,0,10,15,10,,,,,,,,,
47,VISIT,3024,Nearest,OnArrival,5,2,4821,Node_88,22,0,9,22,9,,,,,,,,,
47,VISIT,3021,Nearest,OnArrival,5,3,4852,Node_19,21,0,13,21,13,,,,,,,,,
47,VISIT,3021,Nearest,OnArrival,5,4,4881,Node_22,21,0,14,21,14,,,,,,,,,
47,VISIT,3022,Nearest,OnArrival,5,3,4881,Node_88,22,0,9,22,9,,,,,,,,,
47,VISIT,3023,Nearest,OnArrival,5,3,4881,Node_33,14,0,11,14,11,,,,,,,,,
47,VISIT,3021,Nearest,OnArrival,5,5,4910,Node_53,20,0,14,20,14,,,,,,,,,
47,VISIT,3022,Nearest,OnArrival,5,4,4940,Node_91,23,0,10,23,10,,,,,,,,,
47,VISIT,3023,Nearest,OnArrival,5,4,4940,Node_90,13,0,12,13,12,,,,,,,,,
47,VISIT,3022,Nearest,OnArrival,5,5,4968,Node_129,23,0,9,23,9,,,,,,,,,
47,VISIT,3023,Nearest,OnArrival,5,5,4968,Node_93,13,0,13,13,13,,,,,,,,,
47,VISIT,3024,Nearest,OnArrival,5,3,4968,Node_61,21,0,5,21,5,,,,,,,,,
47,VISIT,3023,Nearest,OnArrival,5,6,4998,Node_36,14,0,13,14,13,,,,,,,,,
47,VISIT,3024,Nearest,OnArrival,5,4,4998,Node_74,20,0,5,20,5,,,,,,,,,
47,VISIT,3023,Nearest,OnArrival,5,7,5027,Node_31,15,0,13,15,13,,,,,,,,,
47,VISIT,3023,Nearest,OnArrival,5,8,5226,Node_140,15,0,14,15,14,,,,,,,,,
47,VISIT,3023,Nearest,OnArrival,5,9,5253,Node_37,14,0,14,14,14,,,,,,,,,
47,VISIT,3023,Nearest,OnArrival,5,10,5281,Node_140,15,0,14,15,14,,,,,,,,,
47,VISIT,3023,Nearest,OnArrival,5,11,5310,Node_144,15,0,15,15,15,,,,,,,,,
47,VISIT,3023,Nearest,OnArrival,5,12,5339,Node_156,16,0,15,16,15,,,,,,,,,
47,VISIT,3025,Nearest,OnArrival,5,0,6107,Node_6,19,0,12,19,12,,,,,,,,,
47,VISIT,3026,Nearest,OnArrival,5,0,6107,Node_7,19,0,8,19,8,,,,,,,,,
47,VISIT,3027,Nearest,OnArrival,5,0,6107,Node_8,17,0,10,17,10,,,,,,,,,
47,VISIT,3028,Nearest,OnArrival,5,0,6107,Node_9,21,0,10,21,10,,,,,,,,,
47,VISIT,3025,Nearest,OnArrival,5,1,6135,Node_46,20,0,12,20,12,,,,,,,,,
47,VISIT,3026,Nearest,OnArrival,5,1,6135,Node_47,20,0,8,20,8,,,,,,,,,
47,VISIT,3027,Nearest,OnArrival,5,1,6135,Node_24,16,0,10,16,10,,,,,,,,,
47,VISIT,3028,Nearest,OnArrival,5,1,6135,Node_48,21,0,9,21,9,,,,,,,,,
47,VISIT,3025,Nearest,OnArrival,5,2,6164,Node_49,20,0,13,20,13,,,,,,,,,
47,VISIT,3026,Nearest,OnArrival,5,2,6164,Node_52,21,0,8,21,8,,,,,,,,,
47,VISIT,3027,Nearest,OnArrival,5,2,6164,Node_26,15,0,10,15,10,,,,,,,,,
47,VISIT,3028,Nearest,OnArrival,5,2,6164,Node_52,21,0,8,21,8,,,,,,,,,
47,VISIT,3025,Nearest,OnArrival,5,3,6193,Node_53,20,0,14,20,14,,,,,,,,,
47,VISIT,3026,Nearest,OnArrival,5,3,6193,Node_55,21,0,7,21,7,,,,,,,,,
47,VISIT,3027,Nearest,OnArrival,5,3,6193,Node_127,14,0,10,14,10,,,,,,,,,
47,VISIT,3028,Nearest,OnArrival,5,3,6193,Node_55,21,0,7,21,7,,,,,,,,,
47,VISIT,3026,Nearest,OnArrival,5,4,6222,Node_128,22,0,7,22,7,,,,,,,,,
47,VISIT,3028,Nearest,OnArrival,5,4,6222,Node_128,22,0,7,22,7,,,,,,,,,
47,VISIT,3025,Nearest,OnArrival,5,4,6250,Node_133,18,0,14,18,14,,,,,,,,,
47,VISIT,3026,Nearest,OnArrival,5,5,6250,Node_131,22,0,6,22,6,,,,,,,,,
47,VISIT,3027,Nearest,OnArrival,5,4,6250,Node_130,13,0,11,13,11,,,,,,,,,
47,VISIT,3028,Nearest,OnArrival,5,5,6250,Node_131,22,0,6,22,6,,,,,,,,,
47,VISIT,3026,Nearest,OnArrival,5,6,6279,Node_59,21,0,6,21,6,,,,,,,,,
47,VISIT,3027,Nearest,OnArrival,5,5,6279,Node_166,13,0,10,13,10,,,,,,,,,
47,VISIT,3028,Nearest,OnArrival,5,6,6279,Node_59,21,0,6,21,6,,,,,,,,,
47,VISIT,3025,Nearest,OnArrival,5,5,6306,Node_164,17,0,15,17,15,,,,,,,,,
47,VISIT,3026,Nearest,OnArrival,5,7,6306,Node_137,20,0,6,20,6,,,,,,,,,
47,VISIT,3028,Nearest,OnArrival,5,7,6306,Node_137,20,0,6,20,6,,,,,,,,,
47,VISIT,3025,Nearest,OnArrival,5,6,6334,Node_134,18,0,15,18,15,,,,,,,,,
47,VISIT,3026,Nearest,OnArrival,5,8,6334,Node_74,20,0,5,20,5,,,,,,,,,
47,VISIT,3028,Nearest,OnArrival,5,8,6334,Node_74,20,0,5,20,5,,,,,,,,,
47,VISIT,3025,Nearest,OnArrival,5,7,6361,Node_135,18,0,16,18,16,,,,,,,,,
47,VISIT,3026,Nearest,OnArrival,5,9,6361,Node_145,19,0,5,19,5,,,,,,,,,
47,VISIT,3028,Nearest,OnArrival,5,9,6361,Node_145,19,0,5,19,5,,,,,,,,,
47,VISIT,3025,Nearest,OnArrival,5,8,6388,Node_165,17,0,16,17,16,,,,,,,,,
47,VISIT,3026,Nearest,OnArrival,5,10,6497,Node_80,16,0,5,16,5,,,,,,,,,
47,VISIT,3028,Nearest,OnArrival,5,10,6497,Node_80,16,0,5,16,5,,,,,,,,,
47,VISIT,3026,Nearest,OnArrival,5,11,6524,Node_70,15,0,5,15,5,,,,,,,,,
47,VISIT,3028,Nearest,OnArrival,5,11,6524,Node_70,15,0,5,15,5,,,,,,,,,
47,VISIT,3026,Nearest,OnArrival,5,12,6548,Node_68,15,0,6,15,6,,,,,,,,,
47,VISIT,3028,Nearest,OnArrival,5,12,6548,Node_68,15,0,6,15,6,,,,,,,,,
47,VISIT,3026,Nearest,OnArrival,5,13,6629,Node_170,13,0,7,13,7,,,,,,,,,
47,VISIT,3028,Nearest,OnArrival,5,13,6629,Node_170,13,0,7,13,7,,,,,,,,,
47,VISIT,3026,Nearest,OnArrival,5,14,6655,Node_183,12,0,7,12,7,,,,,,,,,
47,VISIT,3028,Nearest,OnArrival,5,14,6655,Node_183,12,0,7,12,7,,,,,,,,,
47,VISIT,3026,Nearest,OnArrival,5,15,6683,Node_181,12,0,6,12,6,,,,,,,,,
47,VISIT,3028,Nearest,OnArrival,5,15,6683,Node_181,12,0,6,12,6,,,,,,,,,
47,VISIT,3029,Nearest,OnArrival,5,0,7324,Node_6,19,0,12,19,12,,,,,,,,,
47,VISIT,3030,Nearest,OnArrival,5,0,7324,Node_7,19,0,8,19,8,,,,,,,,,
47,VISIT,3031,Nearest,OnArrival,5,0,7324,Node_8,17,0,10,17,10,,,,,,,,,
47,VISIT,3032,Nearest,OnArrival,5,0,7324,Node_9,21,0,10,21,10,,,,,,,,,
47,VISIT,3029,Nearest,OnArrival,5,1,7349,Node_46,20,0,12,20,12,,,,,,,,,
47,VISIT,3030,Nearest,OnArrival,5,1,7349,Node_11,18,0,8,18,8,,,,,,,,,
47,VISIT,3031,Nearest,OnArrival,5,1,7349,Node_23,17,0,9,17,9,,,,,,,,,
47,VISIT,3032,Nearest,OnArrival,5,1,7349,Node_13,21,0,11,21,11,,,,,,,,,
47,VISIT,3029,Nearest,OnArrival,5,2,7376,Node_49,20,0,13,20,13,,,,,,,,,
47,VISIT,3030,Nearest,OnArrival,5,2,7376,Node_51,17,0,8,17,8,,,,,,,,,
47,VISIT,3031,Nearest,OnArrival,5,2,7376,Node_51,17,0,8,17,8,,,,,,,,,
47,VISIT,3032,Nearest,OnArrival,5,2,7376,Node_87,22,0,11,22,11,,,,,,,,,
47,VISIT,3029,Nearest,OnArrival,5,3,7402,Node_53,20,0,14,20,14,,,,,,,,,
47,VISIT,3030,Nearest,OnArrival,5,3,7402,Node_54,17,0,7,17,7,,,,,,,,,
47,VISIT,3031,Nearest,OnArrival,5,3,7402,Node_54,17,0,7,17,7,,,,,,,,,
47,VISIT,3032,Nearest,OnArrival,5,3,7402,Node_89,23,0,11,23,11,,,,,,,,,
47,VISIT,3030,Nearest,OnArrival,5,4,7428,Node_58,16,0,7,16,7,,,,,,,,,
47,VISIT,3031,Nearest,OnArrival,5,4,7428,Node_58,16,0,7,16,7,,,,,,,,,
47,VISIT,3032,Nearest,OnArrival,5,4,7428,Node_95,24,0,11,24,11,,,,,,,,,
47,VISIT,3029,Nearest,OnArrival,5,4,7454,Node_133,18,0,14,18,14,,,,,,,,,
47,VISIT,3030,Nearest,OnArrival,5,5,7454,Node_66,15,0,7,15,7,,,,,,,,,
47,VISIT,3031,Nearest,OnArrival,5,5,7454,Node_66,15,0,7,15,7,,,,,,,,,
47,VISIT,3029,Nearest,OnArrival,5,5,7479,Node_167,17,0,14,17,14,,,,,,,,,
47,VISIT,3030,Nearest,OnArrival,5,6,7479,Node_190,14,0,7,14,7,,,,,,,,,
47,VISIT,3031,Nearest,OnArrival,5,6,7479,Node_190,14,0,7,14,7,,,,,,,,,
47,VISIT,3032,Nearest,OnArrival,5,5,7479,Node_100,25,0,12,25,12,,,,,,,,,
47,VISIT,3029,Nearest,OnArrival,5,6,7504,Node_160,16,0,14,16,14,,,,,,,,,
47,VISIT,3030,Nearest,OnArrival,5,7,7504,Node_188,14,0,6,14,6,,,,,,,,,
47,VISIT,3031,Nearest,OnArrival,5,7,7504,Node_188,14,0,6,14,6,,,,,,,,,
47,VISIT,3029,Nearest,OnArrival,5,7,7530,Node_156,16,0,15,16,15,,,,,,,,,
47,VISIT,3030,Nearest,OnArrival,5,8,7530,Node_172,13,0,6,13,6,,,,,,,,,
47,VISIT,3031,Nearest,OnArrival,5,8,7530,Node_172,13,0,6,13,6,,,,,,,,,
47,VISIT,3029,Nearest,OnArrival,5,8,7556,Node_152,16,0,16,16,16,,,,,,,,,
47,VISIT,3030,Nearest,OnArrival,5,9,7556,Node_181,12,0,6,12,6,,,,,,,,,
47,VISIT,3031,Nearest,OnArrival,5,9,7556,Node_181,12,0,6,12,6,,,,,,,,,
47,VISIT,3032,Nearest,OnArrival,5,6,7556,Node_102,25,0,13,25,13,,,,,,,,,
47,VISIT,3029,Nearest,OnArrival,5,9,7582,Node_165,17,0,16,17,16,,,,,,,,,
47,VISIT,3030,Nearest,OnArrival,5,10,7582,Node_178,12,0,5,12,5,,,,,,,,,
47,VISIT,3031,Nearest,OnArrival,5,10,7582,Node_178,12,0,5,12,5,,,,,,,,,
47,VISIT,3032,Nearest,OnArrival,5,7,7582,Node_96,24,0,13,24,13,,,,,,,,,
47,VISIT,3029,Nearest,OnArrival,5,10,7608,Node_173,17,0,17,17,17,,,,,,,,,
47,VISIT,3030,Nearest,OnArrival,5,11,7608,Node_193,11,0,5,11,5,,,,,,,,,
47,VISIT,3031,Nearest,OnArrival,5,11,7608,Node_193,11,0,5,11,5,,,,,,,,,
47,VISIT,3032,Nearest,OnArrival,5,8,7608,Node_98,24,0,14,24,14,,,,,,,,,
47,VISIT,3029,Nearest,OnArrival,5,11,7635,Node_138,18,0,17,18,17,,,,,,,,,
47,VISIT,3032,Nearest,OnArrival,5,9,7635,Node_104,25,0,14,25,14,,,,,,,,,
47,VISIT,3029,Nearest,OnArrival,5,12,7661,Node_142,18,0,18,18,18,,,,,,,,,
47,VISIT,3032,Nearest,OnArrival,5,10,7661,Node_105,25,0,15,25,15,,,,,,,,,
47,VISIT,3029,Nearest,OnArrival,5,13,7687,Node_176,17,0,18,17,18,,,,,,,,,
47,VISIT,3032,Nearest,OnArrival,5,11,7687,Node_101,24,0,15,24,15,,,,,,,,,
47,VISIT,3029,Nearest,OnArrival,5,14,7713,Node_179,17,0,19,17,19,,,,,,,,,
47,VISIT,3029,Nearest,OnArrival,5,15,7737,Node_146,18,0,19,18,19,,,,,,,,,
47,VISIT,3032,Nearest,OnArrival,5,12,7737,Node_72,23,0,16,23,16,,,,,,,,,
47,VISIT,3029,Nearest,OnArrival,5,16,7762,Node_142,18,0,18,18,18,,,,,,,,,
47,VISIT,3032,Nearest,OnArrival,5,13,7762,Node_103,24,0,16,24,16,,,,,,,,,
47,VISIT,3032,Nearest,OnArrival,5,14,7788,Node_107,25,0,16,25,16,,,,,,,,,
47,VISIT,3032,Nearest,OnArrival,5,15,7813,Node_106,25,0,17,25,17,,,,,,,,,
47,VISIT,3030,Nearest,OnArrival,5,12,7838,Node_216,8,0,7,8,7,,,,,,,,,
47,VISIT,3031,Nearest,OnArrival,5,12,7838,Node_216,8,0,7,8,7,,,,,,,,,
47,VISIT,3029,Nearest,OnArrival,5,17,7863,Node_32,21,0,19,21,19,,,,,,,,,
47,VISIT,3032,Nearest,OnArrival,5,16,7887,Node_108,25,0,18,25,18,,,,,,,,,
47,VISIT,3032,Nearest,OnArrival,5,17,7911,Node_78,24,0,18,24,18,,,,,,,,,
47,VISIT,3032,Nearest,OnArrival,5,18,7961,Node_114,24,0,20,24,20,,,,,,,,,
47,VISIT,3032,Nearest,OnArrival,5,19,7985,Node_229,24,0,19,24,19,,,,,,,,,
47,VISIT,3032,Nearest,OnArrival,5,20,8010,Node_110,25,0,19,25,19,,,,,,,,,
47,VISIT,3032,Nearest,OnArrival,5,21,8035,Node_108,25,0,18,25,18,,,,,,,,,
47,VISIT,3032,Nearest,OnArrival,5,22,8060,Node_222,26,0,18,26,18,,,,,,,,,
47,VISIT,3033,Nearest,OnArrival,5,0,8465,Node_6,19,0,12,19,12,,,,,,,,,
47,VISIT,3034,Nearest,OnArrival,5,0,8465,Node_7,19,0,8,19,8,,,,,,,,,
47,VISIT,3035,Nearest,OnArrival,5,0,8465,Node_8,17,0,10,17,10,,,,,,,,,
47,VISIT,3036,Nearest,OnArrival,5,0,8465,Node_9,21,0,10,21,10,,,,,,,,,
47,VISIT,3033,Nearest,OnArrival,5,1,8490,Node_46,20,0,12,20,12,,,,,,,,,
47,VISIT,3034,Nearest,OnArrival,5,1,8490,Node_11,18,0,8,18,8,,,,,,,,,
47,VISIT,3035,Nearest,OnArrival,5,1,8490,Node_24,16,0,10,16,10,,,,,,,,,
47,VISIT,3036,Nearest,OnArrival,5,1,8490,Node_48,21,0,9,21,9,,,,,,,,,
47,VISIT,3033,Nearest,OnArrival,5,2,8515,Node_49,20,0,13,20,13,,,,,,,,,
47,VISIT,3034,Nearest,OnArrival,5,2,8515,Node_51,17,0,8,17,8,,,,,,,,,
47,VISIT,3035,Nearest,OnArrival,5,2,8515,Node_26,15,0,10,15,10,,,,,,,,,
47,VISIT,3036,Nearest,OnArrival,5,2,8515,Node_88,22,0,9,22,9,,,,,,,,,
47,VISIT,3033,Nearest,OnArrival,5,3,8540,Node_53,20,0,14,20,14,,,,,,,,,
47,VISIT,3034,Nearest,OnArrival,5,3,8540,Node_54,17,0,7,17,7,,,,,,,,,
47,VISIT,3035,Nearest,OnArrival,5,3,8540,Node_127,14,0,10,14,10,,,,,,,,,
47,VISIT,3036,Nearest,OnArrival,5,3,8540,Node_129,23,0,9,23,9,,,,,,,,,
47,VISIT,3033,Nearest,OnArrival,5,4,8565,Node_56,20,0,15,20,15,,,,,,,,,
47,VISIT,3034,Nearest,OnArrival,5,4,8565,Node_58,16,0,7,16,7,,,,,,,,,
47,VISIT,3035,Nearest,OnArrival,5,4,8565,Node_166,13,0,10,13,10,,,,,,,,,
47,VISIT,3033,Nearest,OnArrival,5,5,8591,Node_25,21,0,15,21,15,,,,,,,,,
47,VISIT,3034,Nearest,OnArrival,5,5,8591,Node_79,16,0,6,16,6,,,,,,,,,
47,VISIT,3036,Nearest,OnArrival,5,4,8591,Node_136,25,0,9,25,9,,,,,,,,,
47,VISIT,3033,Nearest,OnArrival,5,6,8616,Node_62,22,0,15,22,15,,,,,,,,,
47,VISIT,3034,Nearest,OnArrival,5,6,8616,Node_68,15,0,6,15,6,,,,,,,,,
47,VISIT,3033,Nearest,OnArrival,5,7,8640,Node_213,23,0,15,23,15,,,,,,,,,
47,VISIT,3034,Nearest,OnArrival,5,7,8640,Node_70,15,0,5,15,5,,,,,,,,,
47,VISIT,3035,Nearest,OnArrival,5,5,8640,Node_185,12,0,8,12,8,,,,,,,,,
47,VISIT,3033,Nearest,OnArrival,5,8,8664,Node_72,23,0,16,23,16,,,,,,,,,
47,VISIT,3034,Nearest,OnArrival,5,8,8664,Node_73,15,0,4,15,4,,,,,,,,,
47,VISIT,3033,Nearest,OnArrival,5,9,8688,Node_65,22,0,16,22,16,,,,,,,,,
47,VISIT,3034,Nearest,OnArrival,5,9,8688,Node_81,16,0,4,16,4,,,,,,,,,
47,VISIT,3033,Nearest,OnArrival,5,10,8712,Node_27,21,0,16,21,16,,,,,,,,,
47,VISIT,3034,Nearest,OnArrival,5,10,8712,Node_177,17,0,4,17,4,,,,,,,,,
47,VISIT,3034,Nearest,OnArrival,5,11,8736,Node_174,18,0,4,18,4,,,,,,,,,
47,VISIT,3036,Nearest,OnArrival,5,5,8736,Node_151,25,0,5,25,5,,,,,,,,,
47,VISIT,3033,Nearest,OnArrival,5,11,8760,Node_30,21,0,18,21,18,,,,,,,,,
47,VISIT,3034,Nearest,OnArrival,5,12,8760,Node_149,19,0,4,19,4,,,,,,,,,
47,VISIT,3036,Nearest,OnArrival,5,6,8760,Node_147,25,0,6,25,6,,,,,,,,,
47,VISIT,3033,Nearest,OnArrival,5,12,8784,Node_217,20,0,18,20,18,,,,,,,,,
47,VISIT,3034,Nearest,OnArrival,5,13,8784,Node_71,20,0,4,20,4,,,,,,,,,
47,VISIT,3036,Nearest,OnArrival,5,7,8784,Node_159,24,0,6,24,6,,,,,,,,,
47,VISIT,3033,Nearest,OnArrival,5,13,8808,Node_219,20,0,19,20,19,,,,,,,,,
47,VISIT,3034,Nearest,OnArrival,5,14,8808,Node_64,21,0,4,21,4,,,,,,,,,
47,VISIT,3036,Nearest,OnArrival,5,8,8808,Node_155,24,0,5,24,5,,,,,,,,,
47,VISIT,3033,Nearest,OnArrival,5,14,8832,Node_32,21,0,19,21,19,,,,,,,,,
47,VISIT,3034,Nearest,OnArrival,5,15,8832,Node_61,21,0,5,21,5,,,,,,,,,
47,VISIT,3035,Nearest,OnArrival,5,6,8832,Node_109,10,0,14,10,14,,,,,,,,,
47,VISIT,3033,Nearest,OnArrival,5,15,8854,Node_34,21,0,20,21,20,,,,,,,,,
47,VISIT,3034,Nearest,OnArrival,5,16,8854,Node_132,22,0,5,22,5,,,,,,,,,
47,VISIT,3033,Nearest,OnArrival,5,16,8877,Node_236,21,0,21,21,21,,,,,,,,,
47,VISIT,3033,Nearest,OnArrival,5,17,8901,Node_227,22,0,21,22,21,,,,,,,,,
47,VISIT,3033,Nearest,OnArrival,5,18,8925,Node_225,22,0,20,22,20,,,,,,,,,
47,VISIT,3033,Nearest,OnArrival,5,19,8948,Node_34,21,0,20,21,20,,,,,,,,,
47,VISIT,3033,Nearest,OnArrival,5,20,8972,Node_236,21,0,21,21,21,,,,,,,,,
47,VISIT,3034,Nearest,OnArrival,5,17,8972,Node_268,23,0,1,23,1,,,,,,,,,
47,VISIT,3033,Nearest,OnArrival,5,21,8996,Node_235,21,0,22,21,22,,,,,,,,,
47,VISIT,3033,Nearest,OnArrival,5,22,9019,Node_230,22,0,22,22,22,,,,,,,,,
47,VISIT,3033,Nearest,OnArrival,5,23,9066,Node_117,24,0,22,24,22,,,,,,,,,
47,VISIT,3033,Nearest,OnArrival,5,24,9181,Node_121,24,0,25,24,25,,,,,,,,,
47,VISIT,3033,Nearest,OnArrival,5,25,9205,Node_120,24,0,24,24,24,,,,,,,,,
47,VISIT,3033,Nearest,OnArrival,5,26,9229,Node_278,25,0,24,25,24,,,,,,,,,
47,VISIT,3033,Nearest,OnArrival,5,27,9253,Node_276,25,0,23,25,23,,,,,,,,,
47,VISIT,3033,Nearest,OnArrival,5,28,9276,Node_119,24,0,23,24,23,,,,,,,,,
47,VISIT,3033,Nearest,OnArrival,5,29,9298,Node_276,25,0,23,25,23,,,,,,,,,
47,VISIT,3033,Nearest,OnArrival,5,30,9366,Node_274,25,0,22,25,22,,,,,,,,,
47,VISIT,3033,Nearest,OnArrival,5,31,9390,Node_281,26,0,22,26,22,,,,,,,,,
47,VISIT,3033,Nearest,OnArrival,5,32,9460,Node_280,26,0,23,26,23,,,,,,,,,
47,VISIT,3033,Nearest,OnArrival,5,33,9483,Node_281,26,0,22,26,22,,,,,,,,,
47,VISIT,3033,Nearest,OnArrival,5,34,9507,Node_282,27,0,22,27,22,,,,,,,,,
47,VISIT,3037,Nearest,OnArrival,5,0,9531,Node_6,19,0,12,19,12,,,,,,,,,
47,VISIT,3038,Nearest,OnArrival,5,0,9531,Node_7,19,0,8,19,8,,,,,,,,,
47,VISIT,3039,Nearest,OnArrival,5,0,9531,Node_8,17,0,10,17,10,,,,,,,,,
47,VISIT,3040,Nearest,OnArrival,5,0,9531,Node_9,21,0,10,21,10,,,,,,,,,
47,VISIT,3033,Nearest,OnArrival,5,35,9552,Node_242,27,0,20,27,20,,,,,,,,,
47,VISIT,3037,Nearest,OnArrival,5,1,9552,Node_46,20,0,12,20,12,,,,,,,,,
47,VISIT,3038,Nearest,OnArrival,5,1,9552,Node_3,19,0,9,19,9,,,,,,,,,
47,VISIT,3039,Nearest,OnArrival,5,1,9552,Node_24,16,0,10,16,10,,,,,,,,,
47,VISIT,3040,Nearest,OnArrival,5,1,9552,Node_48,21,0,9,21,9,,,,,,,,,
47,VISIT,3037,Nearest,OnArrival,5,2,9575,Node_49,20,0,13,20,13,,,,,,,,,
47,VISIT,3038,Nearest,OnArrival,5,2,9575,Node_50,20,0,9,20,9,,,,,,,,,
47,VISIT,3039,Nearest,OnArrival,5,2,9575,Node_26,15,0,10,15,10,,,,,,,,,
47,VISIT,3040,Nearest,OnArrival,5,2,9575,Node_88,22,0,9,22,9,,,,,,,,,
47,VISIT,3037,Nearest,OnArrival,5,3,9597,Node_53,20,0,14,20,14,,,,,,,,,
47,VISIT,3038,Nearest,OnArrival,5,3,9597,Node_48,21,0,9,21,9,,,,,,,,,
47,VISIT,3039,Nearest,OnArrival,5,3,9597,Node_127,14,0,10,14,10,,,,,,,,,
47,VISIT,3040,Nearest,OnArrival,5,3,9597,Node_129,23,0,9,23,9,,,,,,,,,
47,VISIT,3037,Nearest,OnArrival,5,4,9620,Node_56,20,0,15,20,15,,,,,,,,,
47,VISIT,3038,Nearest,OnArrival,5,4,9620,Node_88,22,0,9,22,9,,,,,,,,,
47,VISIT,3039,Nearest,OnArrival,5,4,9620,Node_166,13,0,10,13,10,,,,,,,,,
47,VISIT,3037,Nearest,OnArrival,5,5,9644,Node_25,21,0,15,21,15,,,,,,,,,
47,VISIT,3038,Nearest,OnArrival,5,5,9644,Node_129,23,0,9,23,9,,,,,,,,,
47,VISIT,3039,Nearest,OnArrival,5,5,9644,Node_168,13,0,9,13,9,,,,,,,,,
47,VISIT,3040,Nearest,OnArrival,5,4,9644,Node_136,25,0,9,25,9,,,,,,,,,
47,VISIT,3037,Nearest,OnArrival,5,6,9668,Node_27,21,0,16,21,16,,,,,,,,,
47,VISIT,3039,Nearest,OnArrival,5,6,9668,Node_247,12,0,9,12,9,,,,,,,,,
47,VISIT,3040,Nearest,OnArrival,5,5,9668,Node_139,25,0,8,25,8,,,,,,,,,
47,VISIT,3038,Nearest,OnArrival,5,6,9691,Node_136,25,0,9,25,9,,,,,,,,,
47,VISIT,3039,Nearest,OnArrival,5,7,9691,Node_252,11,0,9,11,9,,,,,,,,,
47,VISIT,3040,Nearest,OnArrival,5,6,9691,Node_249,26,0,8,26,8,,,,,,,,,
47,VISIT,3037,Nearest,OnArrival,5,7,9715,Node_30,21,0,18,21,18,,,,,,,,,
47,VISIT,3038,Nearest,OnArrival,5,7,9715,Node_139,25,0,8,25,8,,,,,,,,,
47,VISIT,3039,Nearest,OnArrival,5,8,9715,Node_250,11,0,8,11,8,,,,,,,,,
47,VISIT,3040,Nearest,OnArrival,5,7,9715,Node_248,26,0,9,26,9,,,,,,,,,
47,VISIT,3037,Nearest,OnArrival,5,8,9739,Node_217,20,0,18,20,18,,,,,,,,,
47,VISIT,3038,Nearest,OnArrival,5,8,9739,Node_143,25,0,7,25,7,,,,,,,,,
47,VISIT,3038,Nearest,OnArrival,5,9,9762,Node_163,24,0,7,24,7,,,,,,,,,
47,VISIT,3039,Nearest,OnArrival,5,9,9762,Node_254,10,0,9,10,9,,,,,,,,,
47,VISIT,3037,Nearest,OnArrival,5,9,9785,Node_142,18,0,18,18,18,,,,,,,,,
47,VISIT,3038,Nearest,OnArrival,5,10,9785,Node_143,25,0,7,25,7,,,,,,,,,
47,VISIT,3039,Nearest,OnArrival,5,10,9785,Node_256,10,0,10,10,10,,,,,,,,,
47,VISIT,3037,Nearest,OnArrival,5,10,9807,Node_146,18,0,19,18,19,,,,,,,,,
47,VISIT,3038,Nearest,OnArrival,5,11,9807,Node_251,26,0,7,26,7,,,,,,,,,
47,VISIT,3037,Nearest,OnArrival,5,11,9830,Node_150,18,0,20,18,20,,,,,,,,,
47,VISIT,3038,Nearest,OnArrival,5,12,9830,Node_253,26,0,6,26,6,,,,,,,,,
47,VISIT,3037,Nearest,OnArrival,5,12,9853,Node_182,17,0,20,17,20,,,,,,,,,
47,VISIT,3038,Nearest,OnArrival,5,13,9853,Node_147,25,0,6,25,6,,,,,,,,,
47,VISIT,3037,Nearest,OnArrival,5,13,9876,Node_187,16,0,20,16,20,,,,,,,,,
47,VISIT,3038,Nearest,OnArrival,5,14,9876,Node_253,26,0,6,26,6,,,,,,,,,
47,VISIT,3037,Nearest,OnArrival,5,14,9898,Node_186,16,0,21,16,21,,,,,,,,,
47,VISIT,3039,Nearest,OnArrival,5,11,9898,Node_261,9,0,14,9,14,,,,,,,,,
47,VISIT,3037,Nearest,OnArrival,5,15,9920,Node_191,15,0,21,15,21,,,,,,,,,
47,VISIT,3039,Nearest,OnArrival,5,12,9920,Node_113,9,0,15,9,15,,,,,,,,,
47,VISIT,3038,Nearest,OnArrival,5,15,9942,Node_255,26,0,5,26,5,,,,,,,,,
47,VISIT,3040,Nearest,OnArrival,5,8,9942,Node_239,27,0,18,27,18,,,,,,,,,
47,VISIT,3038,Nearest,OnArrival,5,16,9965,Node_299,27,0,5,27,5,,,,,,,,,
47,VISIT,3041,Nearest,OnArrival,5,0,10524,Node_6,19,0,12,19,12,,,,,,,,,
47,VISIT,3042,Nearest,OnArrival,5,0,10524,Node_7,19,0,8,19,8,,,,,,,,,
47,VISIT,3043,Nearest,OnArrival,5,0,10524,Node_8,17,0,10,17,10,,,,,,,,,
47,VISIT,3044,Nearest,OnArrival,5,0,10524,Node_9,21,0,10,21,10,,,,,,,,,
47,VISIT,3041,Nearest,OnArrival,5,1,10544,Node_2,19,0,11,19,11,,,,,,,,,
47,VISIT,3042,Nearest,OnArrival,5,1,10544,Node_3,19,0,9,19,9,,,,,,,,,
47,VISIT,3043,Nearest,OnArrival,5,1,10544,Node_24,16,0,10,16,10,,,,,,,,,
47,VISIT,3044,Nearest,OnArrival,5,1,10544,Node_48,21,0,9,21,9,,,,,,,,,
47,VISIT,3041,Nearest,OnArrival,5,2,10565,Node_20,19,0,10,19,10,,,,,,,,,
47,VISIT,3042,Nearest,OnArrival,5,2,10565,Node_50,20,0,9,20,9,,,,,,,,,
47,VISIT,3043,Nearest,OnArrival,5,2,10565,Node_26,15,0,10,15,10,,,,,,,,,
47,VISIT,3044,Nearest,OnArrival,5,2,10565,Node_88,22,0,9,22,9,,,,,,,,,
47,VISIT,3041,Nearest,OnArrival,5,3,10586,Node_3,19,0,9,19,9,,,,,,,,,
47,VISIT,3042,Nearest,OnArrival,5,3,10586,Node_48,21,0,9,21,9,,,,,,,,,
47,VISIT,3043,Nearest,OnArrival,5,3,10586,Node_127,14,0,10,14,10,,,,,,,,,
47,VISIT,3044,Nearest,OnArrival,5,3,10586,Node_129,23,0,9,23,9,,,,,,,,,
47,VISIT,3041,Nearest,OnArrival,5,4,10608,Node_50,20,0,9,20,9,,,,,,,,,
47,VISIT,3042,Nearest,OnArrival,5,4,10608,Node_88,22,0,9,22,9,,,,,,,,,
47,VISIT,3043,Nearest,OnArrival,5,4,10608,Node_166,13,0,10,13,10,,,,,,,,,
47,VISIT,3041,Nearest,OnArrival,5,5,10631,Node_48,21,0,9,21,9,,,,,,,,,
47,VISIT,3042,Nearest,OnArrival,5,5,10631,Node_129,23,0,9,23,9,,,,,,,,,
47,VISIT,3043,Nearest,OnArrival,5,5,10631,Node_168,13,0,9,13,9,,,,,,,,,
47,VISIT,3044,Nearest,OnArrival,5,4,10631,Node_136,25,0,9,25,9,,,,,,,,,
47,VISIT,3041,Nearest,OnArrival,5,6,10653,Node_88,22,0,9,22,9,,,,,,,,,
47,VISIT,3043,Nearest,OnArrival,5,6,10653,Node_169,13,0,8,13,8,,,,,,,,,
47,VISIT,3044,Nearest,OnArrival,5,5,10653,Node_248,26,0,9,26,9,,,,,,,,,
47,VISIT,3041,Nearest,OnArrival,5,7,10675,Node_129,23,0,9,23,9,,,,,,,,,
47,VISIT,3042,Nearest,OnArrival,5,6,10675,Node_136,25,0,9,25,9,,,,,,,,,
47,VISIT,3043,Nearest,OnArrival,5,7,10675,Node_185,12,0,8,12,8,,,,,,,,,
47,VISIT,3044,Nearest,OnArrival,5,6,10675,Node_287,27,0,9,27,9,,,,,,,,,
47,VISIT,3042,Nearest,OnArrival,5,7,10698,Node_248,26,0,9,26,9,,,,,,,,,
47,VISIT,3043,Nearest,OnArrival,5,8,10698,Node_183,12,0,7,12,7,,,,,,,,,
47,VISIT,3041,Nearest,OnArrival,5,8,10720,Node_136,25,0,9,25,9,,,,,,,,,
47,VISIT,3042,Nearest,OnArrival,5,8,10720,Node_287,27,0,9,27,9,,,,,,,,,
47,VISIT,3043,Nearest,OnArrival,5,9,10720,Node_181,12,0,6,12,6,,,,,,,,,
47,VISIT,3041,Nearest,OnArrival,5,9,10741,Node_248,26,0,9,26,9,,,,,,,,,
47,VISIT,3042,Nearest,OnArrival,5,9,10741,Node_288,27,0,10,27,10,,,,,,,,,
47,VISIT,3043,Nearest,OnArrival,5,10,10741,Node_192,11,0,6,11,6,,,,,,,,,
47,VISIT,3041,Nearest,OnArrival,5,10,10762,Node_287,27,0,9,27,9,,,,,,,,,
47,VISIT,3042,Nearest,OnArrival,5,10,10762,Node_327,28,0,10,28,10,,,,,,,,,
47,VISIT,3043,Nearest,OnArrival,5,11,10762,Node_210,10,0,6,10,6,,,,,,,,,
47,VISIT,3041,Nearest,OnArrival,5,11,10783,Node_288,27,0,10,27,10,,,,,,,,,
47,VISIT,3042,Nearest,OnArrival,5,11,10783,Node_326,28,0,9,28,9,,,,,,,,,
47,VISIT,3043,Nearest,OnArrival,5,12,10783,Node_209,10,0,5,10,5,,,,,,,,,
47,VISIT,3041,Nearest,OnArrival,5,12,10805,Node_289,27,0,11,27,11,,,,,,,,,
47,VISIT,3044,Nearest,OnArrival,5,7,10805,Node_293,27,0,13,27,13,,,,,,,,,
47,VISIT,3041,Nearest,OnArrival,5,13,10826,Node_328,28,0,11,28,11,,,,,,,,,
47,VISIT,3044,Nearest,OnArrival,5,8,10826,Node_208,26,0,13,26,13,,,,,,,,,
47,VISIT,3041,Nearest,OnArrival,5,14,10847,Node_329,28,0,12,28,12,,,,,,,,,
47,VISIT,3044,Nearest,OnArrival,5,9,10847,Node_207,26,0,12,26,12,,,,,,,,,
47,VISIT,3041,Nearest,OnArrival,5,15,10868,Node_291,27,0,12,27,12,,,,,,,,,
47,VISIT,3044,Nearest,OnArrival,5,10,10868,Node_291,27,0,12,27,12,,,,,,,,,
47,VISIT,3041,Nearest,OnArrival,5,16,10889,Node_207,26,0,12,26,12,,,,,,,,,
47,VISIT,3044,Nearest,OnArrival,5,11,10889,Node_293,27,0,13,27,13,,,,,,,,,
47,VISIT,3041,Nearest,OnArrival,5,17,10910,Node_208,26,0,13,26,13,,,,,,,,,
47,VISIT,3044,Nearest,OnArrival,5,12,10910,Node_330,28,0,13,28,13,,,,,,,,,
47,VISIT,3041,Nearest,OnArrival,5,18,10931,Node_293,27,0,13,27,13,,,,,,,,,
47,VISIT,3041,Nearest,OnArrival,5,19,10953,Node_330,28,0,13,28,13,,,,,,,,,
47,VISIT,3043,Nearest,OnArrival,5,13,10975,Node_205,10,0,-4,10,-4,,,,,,,,,
47,VISIT,3041,Nearest,OnArrival,5,20,10996,Node_346,30,0,13,30,13,,,,,,,,,
47,VISIT,3043,Nearest,OnArrival,5,14,10996,Node_202,11,0,-4,11,-4,,,,,,,,,
47,VISIT,3044,Nearest,OnArrival,5,13,10996,Node_344,31,0,14,31,14,,,,,,,,,
47,VISIT,3041,Nearest,OnArrival,5,21,11017,Node_342,31,0,13,31,13,,,,,,,,,
47,VISIT,3044,Nearest,OnArrival,5,14,11017,Node_342,31,0,13,31,13,,,,,,,,,
47,VISIT,3041,Nearest,OnArrival,5,22,11101,Node_338,31,0,11,31,11,,,,,,,,,
47,VISIT,3044,Nearest,OnArrival,5,15,11101,Node_338,31,0,11,31,11,,,,,,,,,
47,VISIT,3044,Nearest,OnArrival,5,16,11290,Node_332,30,0,9,30,9,,,,,,,,,
47,VISIT,3044,Nearest,OnArrival,5,17,11312,Node_357,31,0,9,31,9,,,,,,,,,
47,VISIT,3044,Nearest,OnArrival,5,18,11332,Node_356,31,0,10,31,10,,,,,,,,,
47,VISIT,3044,Nearest,OnArrival,5,19,11351,Node_334,30,0,10,30,10,,,,,,,,,
47,VISIT,3044,Nearest,OnArrival,5,20,11373,Node_332,30,0,9,30,9,,,,,,,,,
47,VISIT,3044,Nearest,OnArrival,5,21,11395,Node_363,30,0,8,30,8,,,,,,,,,
47,VISIT,3044,Nearest,OnArrival,5,22,11415,Node_358,31,0,8,31,8,,,,,,,,,
47,VISIT,3044,Nearest,OnArrival,5,23,11436,Node_359,31,0,7,31,7,,,,,,,,,
47,VISIT,3044,Nearest,OnArrival,5,24,11457,Node_362,30,0,7,30,7,,,,,,,,,
47,VISIT,3045,Nearest,OnArrival,5,0,11458,Node_6,19,0,12,19,12,,,,,,,,,
47,VISIT,3046,Nearest,OnArrival,5,0,11458,Node_7,19,0,8,19,8,,,,,,,,,
47,VISIT,3047,Nearest,OnArrival,5,0,11458,Node_8,17,0,10,17,10,,,,,,,,,
47,VISIT,3048,Nearest,OnArrival,5,0,11458,Node_9,21,0,10,21,10,,,,,,,,,
47,VISIT,3044,Nearest,OnArrival,5,25,11475,Node_361,30,0,6,30,6,,,,,,,,,
47,VISIT,3045,Nearest,OnArrival,5,1,11476,Node_2,19,0,11,19,11,,,,,,,,,
47,VISIT,3046,Nearest,OnArrival,5,1,11476,Node_3,19,0,9,19,9,,,,,,,,,
47,VISIT,3047,Nearest,OnArrival,5,1,11476,Node_4,18,0,10,18,10,,,,,,,,,
47,VISIT,3048,Nearest,OnArrival,5,1,11476,Node_48,21,0,9,21,9,,,,,,,,,
47,VISIT,3045,Nearest,OnArrival,5,2,11496,Node_20,19,0,10,19,10,,,,,,,,,
47,VISIT,3046,Nearest,OnArrival,5,2,11496,Node_50,20,0,9,20,9,,,,,,,,,
47,VISIT,3047,Nearest,OnArrival,5,2,11496,Node_15,18,0,9,18,9,,,,,,,,,
47,VISIT,3048,Nearest,OnArrival,5,2,11496,Node_52,21,0,8,21,8,,,,,,,,,
47,VISIT,3045,Nearest,OnArrival,5,3,11515,Node_3,19,0,9,19,9,,,,,,,,,
47,VISIT,3046,Nearest,OnArrival,5,3,11515,Node_48,21,0,9,21,9,,,,,,,,,
47,VISIT,3047,Nearest,OnArrival,5,3,11515,Node_3,19,0,9,19,9,,,,,,,,,
47,VISIT,3048,Nearest,OnArrival,5,3,11515,Node_55,21,0,7,21,7,,,,,,,,,
47,VISIT,3044,Nearest,OnArrival,5,26,11535,Node_307,28,0,5,28,5,,,,,,,,,
47,VISIT,3045,Nearest,OnArrival,5,4,11536,Node_50,20,0,9,20,9,,,,,,,,,
47,VISIT,3046,Nearest,OnArrival,5,4,11536,Node_52,21,0,8,21,8,,,,,,,,,
47,VISIT,3047,Nearest,OnArrival,5,4,11536,Node_50,20,0,9,20,9,,,,,,,,,
47,VISIT,3048,Nearest,OnArrival,5,4,11536,Node_59,21,0,6,21,6,,,,,,,,,
47,VISIT,3045,Nearest,OnArrival,5,5,11556,Node_48,21,0,9,21,9,,,,,,,,,
47,VISIT,3046,Nearest,OnArrival,5,5,11556,Node_55,21,0,7,21,7,,,,,,,,,
47,VISIT,3047,Nearest,OnArrival,5,5,11556,Node_48,21,0,9,21,9,,,,,,,,,
47,VISIT,3048,Nearest,OnArrival,5,5,11556,Node_61,21,0,5,21,5,,,,,,,,,
47,VISIT,3044,Nearest,OnArrival,5,27,11574,Node_313,28,0,3,28,3,,,,,,,,,
47,VISIT,3045,Nearest,OnArrival,5,6,11574,Node_52,21,0,8,21,8,,,,,,,,,
47,VISIT,3046,Nearest,OnArrival,5,6,11574,Node_59,21,0,6,21,6,,,,,,,,,
47,VISIT,3047,Nearest,OnArrival,5,6,11574,Node_52,21,0,8,21,8,,,,,,,,,
47,VISIT,3048,Nearest,OnArrival,5,6,11574,Node_132,22,0,5,22,5,,,,,,,,,
47,VISIT,3045,Nearest,OnArrival,5,7,11593,Node_55,21,0,7,21,7,,,,,,,,,
47,VISIT,3046,Nearest,OnArrival,5,7,11593,Node_61,21,0,5,21,5,,,,,,,,,
47,VISIT,3047,Nearest,OnArrival,5,7,11593,Node_55,21,0,7,21,7,,,,,,,,,
47,VISIT,3048,Nearest,OnArrival,5,7,11593,Node_263,23,0,5,23,5,,,,,,,,,
47,VISIT,3045,Nearest,OnArrival,5,8,11610,Node_59,21,0,6,21,6,,,,,,,,,
47,VISIT,3046,Nearest,OnArrival,5,8,11610,Node_132,22,0,5,22,5,,,,,,,,,
47,VISIT,3047,Nearest,OnArrival,5,8,11610,Node_59,21,0,6,21,6,,,,,,,,,
47,VISIT,3048,Nearest,OnArrival,5,8,11610,Node_155,24,0,5,24,5,,,,,,,,,
47,VISIT,3045,Nearest,OnArrival,5,9,11630,Node_61,21,0,5,21,5,,,,,,,,,
47,VISIT,3046,Nearest,OnArrival,5,9,11630,Node_263,23,0,5,23,5,,,,,,,,,
47,VISIT,3047,Nearest,OnArrival,5,9,11630,Node_61,21,0,5,21,5,,,,,,,,,
47,VISIT,3048,Nearest,OnArrival,5,9,11630,Node_260,24,0,4,24,4,,,,,,,,,
47,VISIT,3045,Nearest,OnArrival,5,10,11649,Node_132,22,0,5,22,5,,,,,,,,,
47,VISIT,3046,Nearest,OnArrival,5,10,11649,Node_265,23,0,4,23,4,,,,,,,,,
47,VISIT,3047,Nearest,OnArrival,5,10,11649,Node_132,22,0,5,22,5,,,,,,,,,
47,VISIT,3048,Nearest,OnArrival,5,10,11649,Node_265,23,0,4,23,4,,,,,,,,,
47,VISIT,3045,Nearest,OnArrival,5,11,11671,Node_263,23,0,5,23,5,,,,,,,,,
47,VISIT,3046,Nearest,OnArrival,5,11,11671,Node_260,24,0,4,24,4,,,,,,,,,
47,VISIT,3047,Nearest,OnArrival,5,11,11671,Node_263,23,0,5,23,5,,,,,,,,,
47,VISIT,3048,Nearest,OnArrival,5,11,11671,Node_267,23,0,3,23,3,,,,,,,,,
47,VISIT,3045,Nearest,OnArrival,5,12,11693,Node_265,23,0,4,23,4,,,,,,,,,
47,VISIT,3046,Nearest,OnArrival,5,12,11693,Node_262,24,0,3,24,3,,,,,,,,,
47,VISIT,3047,Nearest,OnArrival,5,12,11693,Node_265,23,0,4,23,4,,,,,,,,,
47,VISIT,3048,Nearest,OnArrival,5,12,11693,Node_262,24,0,3,24,3,,,,,,,,,
47,VISIT,3045,Nearest,OnArrival,5,13,11714,Node_267,23,0,3,23,3,,,,,,,,,
47,VISIT,3046,Nearest,OnArrival,5,13,11714,Node_267,23,0,3,23,3,,,,,,,,,
47,VISIT,3047,Nearest,OnArrival,5,13,11714,Node_267,23,0,3,23,3,,,,,,,,,
47,VISIT,3045,Nearest,OnArrival,5,14,11735,Node_269,23,0,2,23,2,,,,,,,,,
47,VISIT,3046,Nearest,OnArrival,5,14,11735,Node_269,23,0,2,23,2,,,,,,,,,
47,VISIT,3047,Nearest,OnArrival,5,14,11735,Node_269,23,0,2,23,2,,,,,,,,,
47,VISIT,3045,Nearest,OnArrival,5,15,11756,Node_264,24,0,2,24,2,,,,,,,,,
47,VISIT,3046,Nearest,OnArrival,5,15,11756,Node_264,24,0,2,24,2,,,,,,,,,
47,VISIT,3047,Nearest,OnArrival,5,15,11756,Node_264,24,0,2,24,2,,,,,,,,,
47,VISIT,3048,Nearest,OnArrival,5,13,11756,Node_264,24,0,2,24,2,,,,,,,,,
47,VISIT,3045,Nearest,OnArrival,5,16,11777,Node_367,25,0,2,25,2,,,,,,,,,
47,VISIT,3046,Nearest,OnArrival,5,16,11777,Node_367,25,0,2,25,2,,,,,,,,,
47,VISIT,3047,Nearest,OnArrival,5,16,11777,Node_367,25,0,2,25,2,,,,,,,,,
47,VISIT,3048,Nearest,OnArrival,5,14,11777,Node_367,25,0,2,25,2,,,,,,,,,
47,VISIT,3045,Nearest,OnArrival,5,17,11904,Node_325,27,0,-2,27,-2,,,,,,,,,
47,VISIT,3046,Nearest,OnArrival,5,17,11904,Node_325,27,0,-2,27,-2,,,,,,,,,
47,VISIT,3047,Nearest,OnArrival,5,17,11904,Node_325,27,0,-2,27,-2,,,,,,,,,
47,VISIT,3048,Nearest,OnArrival,5,15,11904,Node_325,27,0,-2,27,-2,,,,,,,,,
47,VISIT,3046,Nearest,OnArrival,5,18,12088,Node_371,27,0,-1,27,-1,,,,,,,,,
47,VISIT,3047,Nearest,OnArrival,5,18,12088,Node_371,27,0,-1,27,-1,,,,,,,,,
47,VISIT,3048,Nearest,OnArrival,5,16,12088,Node_371,27,0,-1,27,-1,,,,,,,,,
47,VISIT,3046,Nearest,OnArrival,5,19,12109,Node_322,28,0,-1,28,-1,,,,,,,,,
47,VISIT,3047,Nearest,OnArrival,5,19,12109,Node_322,28,0,-1,28,-1,,,,,,,,,
47,VISIT,3048,Nearest,OnArrival,5,17,12109,Node_322,28,0,-1,28,-1,,,,,,,,,
47,VISIT,3047,Nearest,OnArrival,5,20,12327,Node_380,29,0,-1,29,-1,,,,,,,,,
47,VISIT,3048,Nearest,OnArrival,5,18,12327,Node_380,29,0,-1,29,-1,,,,,,,,,
47,VISIT,3049,Nearest,OnArrival,5,0,12334,Node_6,19,0,12,19,12,,,,,,,,,
47,VISIT,3050,Nearest,OnArrival,5,0,12334,Node_7,19,0,8,19,8,,,,,,,,,
47,VISIT,3051,Nearest,OnArrival,5,0,12334,Node_8,17,0,10,17,10,,,,,,,,,
47,VISIT,3052,Nearest,OnArrival,5,0,12334,Node_9,21,0,10,21,10,,,,,,,,,
47,VISIT,3047,Nearest,OnArrival,5,21,12342,Node_381,29,0,-2,29,-2,,,,,,,,,
47,VISIT,3048,Nearest,OnArrival,5,19,12342,Node_381,29,0,-2,29,-2,,,,,,,,,
47,VISIT,3049,Nearest,OnArrival,5,1,12349,Node_2,19,0,11,19,11,,,,,,,,,
47,VISIT,3050,Nearest,OnArrival,5,1,12349,Node_47,20,0,8,20,8,,,,,,,,,
47,VISIT,3051,Nearest,OnArrival,5,1,12349,Node_4,18,0,10,18,10,,,,,,,,,
47,VISIT,3052,Nearest,OnArrival,5,1,12349,Node_48,21,0,9,21,9,,,,,,,,,
47,VISIT,3047,Nearest,OnArrival,5,22,12358,Node_324,28,0,-2,28,-2,,,,,,,,,
47,VISIT,3048,Nearest,OnArrival,5,20,12358,Node_324,28,0,-2,28,-2,,,,,,,,,
47,VISIT,3049,Nearest,OnArrival,5,2,12365,Node_20,19,0,10,19,10,,,,,,,,,
47,VISIT,3050,Nearest,OnArrival,5,2,12365,Node_52,21,0,8,21,8,,,,,,,,,
47,VISIT,3051,Nearest,OnArrival,5,2,12365,Node_15,18,0,9,18,9,,,,,,,,,
47,VISIT,3052,Nearest,OnArrival,5,2,12365,Node_88,22,0,9,22,9,,,,,,,,,
47,VISIT,3047,Nearest,OnArrival,5,23,12375,Node_325,27,0,-2,27,-2,,,,,,,,,
47,VISIT,3048,Nearest,OnArrival,5,21,12375,Node_325,27,0,-2,27,-2,,,,,,,,,
47,VISIT,3049,Nearest,OnArrival,5,3,12382,Node_3,19,0,9,19,9,,,,,,,,,
47,VISIT,3050,Nearest,OnArrival,5,3,12382,Node_55,21,0,7,21,7,,,,,,,,,
47,VISIT,3051,Nearest,OnArrival,5,3,12382,Node_3,19,0,9,19,9,,,,,,,,,
47,VISIT,3052,Nearest,OnArrival,5,3,12382,Node_129,23,0,9,23,9,,,,,,,,,
47,VISIT,3047,Nearest,OnArrival,5,24,12393,Node_378,26,0,-2,26,-2,,,,,,,,,
47,VISIT,3048,Nearest,OnArrival,5,22,12393,Node_378,26,0,-2,26,-2,,,,,,,,,
47,VISIT,3049,Nearest,OnArrival,5,4,12400,Node_50,20,0,9,20,9,,,,,,,,,
47,VISIT,3050,Nearest,OnArrival,5,4,12400,Node_59,21,0,6,21,6,,,,,,,,,
47,VISIT,3051,Nearest,OnArrival,5,4,12400,Node_50,20,0,9,20,9,,,,,,,,,
47,VISIT,3049,Nearest,OnArrival,5,5,12419,Node_48,21,0,9,21,9,,,,,,,,,
47,VISIT,3050,Nearest,OnArrival,5,5,12419,Node_61,21,0,5,21,5,,,,,,,,,
47,VISIT,3051,Nearest,OnArrival,5,5,12419,Node_48,21,0,9,21,9,,,,,,,,,
47,VISIT,3052,Nearest,OnArrival,5,4,12419,Node_136,25,0,9,25,9,,,,,,,,,
47,VISIT,3049,Nearest,OnArrival,5,6,12437,Node_88,22,0,9,22,9,,,,,,,,,
47,VISIT,3050,Nearest,OnArrival,5,6,12437,Node_74,20,0,5,20,5,,,,,,,,,
47,VISIT,3051,Nearest,OnArrival,5,6,12437,Node_88,22,0,9,22,9,,,,,,,,,
47,VISIT,3052,Nearest,OnArrival,5,5,12437,Node_139,25,0,8,25,8,,,,,,,,,
47,VISIT,3049,Nearest,OnArrival,5,7,12454,Node_129,23,0,9,23,9,,,,,,,,,
47,VISIT,3050,Nearest,OnArrival,5,7,12454,Node_145,19,0,5,19,5,,,,,,,,,
47,VISIT,3051,Nearest,OnArrival,5,7,12454,Node_129,23,0,9,23,9,,,,,,,,,
47,VISIT,3052,Nearest,OnArrival,5,6,12454,Node_143,25,0,7,25,7,,,,,,,,,
47,VISIT,3047,Nearest,OnArrival,5,25,12464,Node_273,23,0,-3,23,-3,,,,,,,,,
47,VISIT,3048,Nearest,OnArrival,5,23,12464,Node_273,23,0,-3,23,-3,,,,,,,,,
47,VISIT,3050,Nearest,OnArrival,5,8,12472,Node_171,18,0,5,18,5,,,,,,,,,
47,VISIT,3052,Nearest,OnArrival,5,7,12472,Node_147,25,0,6,25,6,,,,,,,,,
47,VISIT,3047,Nearest,OnArrival,5,26,12484,Node_272,23,0,-2,23,-2,,,,,,,,,
47,VISIT,3048,Nearest,OnArrival,5,24,12484,Node_272,23,0,-2,23,-2,,,,,,,,,
47,VISIT,3049,Nearest,OnArrival,5,8,12492,Node_136,25,0,9,25,9,,,,,,,,,
47,VISIT,3050,Nearest,OnArrival,5,9,12492,Node_180,17,0,5,17,5,,,,,,,,,
47,VISIT,3051,Nearest,OnArrival,5,8,12492,Node_136,25,0,9,25,9,,,,,,,,,
47,VISIT,3052,Nearest,OnArrival,5,8,12492,Node_151,25,0,5,25,5,,,,,,,,,
47,VISIT,3047,Nearest,OnArrival,5,27,12503,Node_277,22,0,-2,22,-2,,,,,,,,,
47,VISIT,3048,Nearest,OnArrival,5,25,12503,Node_277,22,0,-2,22,-2,,,,,,,,,
47,VISIT,3049,Nearest,OnArrival,5,9,12510,Node_139,25,0,8,25,8,,,,,,,,,
47,VISIT,3050,Nearest,OnArrival,5,10,12510,Node_177,17,0,4,17,4,,,,,,,,,
47,VISIT,3051,Nearest,OnArrival,5,9,12510,Node_139,25,0,8,25,8,,,,,,,,,
47,VISIT,3052,Nearest,OnArrival,5,9,12510,Node_255,26,0,5,26,5,,,,,,,,,
47,VISIT,3049,Nearest,OnArrival,5,10,12529,Node_143,25,0,7,25,7,,,,,,,,,
47,VISIT,3050,Nearest,OnArrival,5,11,12529,Node_81,16,0,4,16,4,,,,,,,,,
47,VISIT,3051,Nearest,OnArrival,5,10,12529,Node_143,25,0,7,25,7,,,,,,,,,
47,VISIT,3052,Nearest,OnArrival,5,10,12529,Node_299,27,0,5,27,5,,,,,,,,,
47,VISIT,3049,Nearest,OnArrival,5,11,12548,Node_147,25,0,6,25,6,,,,,,,,,
47,VISIT,3050,Nearest,OnArrival,5,12,12548,Node_82,16,0,3,16,3,,,,,,,,,
47,VISIT,3051,Nearest,OnArrival,5,11,12548,Node_147,25,0,6,25,6,,,,,,,,,
47,VISIT,3052,Nearest,OnArrival,5,11,12548,Node_307,28,0,5,28,5,,,,,,,,,
47,VISIT,3049,Nearest,OnArrival,5,12,12568,Node_151,25,0,5,25,5,,,,,,,,,
47,VISIT,3050,Nearest,OnArrival,5,13,12568,Node_76,15,0,3,15,3,,,,,,,,,
47,VISIT,3051,Nearest,OnArrival,5,12,12568,Node_151,25,0,5,25,5,,,,,,,,,
47,VISIT,3047,Nearest,OnArrival,5,28,12580,Node_268,23,0,1,23,1,,,,,,,,,
47,VISIT,3048,Nearest,OnArrival,5,26,12580,Node_268,23,0,1,23,1,,,,,,,,,
47,VISIT,3049,Nearest,OnArrival,5,13,12588,Node_255,26,0,5,26,5,,,,,,,,,
47,VISIT,3050,Nearest,OnArrival,5,14,12588,Node_84,15,0,2,15,2,,,,,,,,,
47,VISIT,3051,Nearest,OnArrival,5,13,12588,Node_255,26,0,5,26,5,,,,,,,,,
47,VISIT,3052,Nearest,OnArrival,5,12,12588,Node_313,28,0,3,28,3,,,,,,,,,
47,VISIT,3047,Nearest,OnArrival,5,29,12600,Node_270,23,0,0,23,0,,,,,,,,,
47,VISIT,3048,Nearest,OnArrival,5,27,12600,Node_270,23,0,0,23,0,,,,,,,,,
47,VISIT,3049,Nearest,OnArrival,5,14,12608,Node_299,27,0,5,27,5,,,,,,,,,
47,VISIT,3051,Nearest,OnArrival,5,14,12608,Node_299,27,0,5,27,5,,,,,,,,,
47,VISIT,3052,Nearest,OnArrival,5,13,12608,Node_316,28,0,2,28,2,,,,,,,,,
47,VISIT,3047,Nearest,OnArrival,5,30,12619,Node_393,22,0,0,22,0,,,,,,,,,
47,VISIT,3048,Nearest,OnArrival,5,28,12619,Node_393,22,0,0,22,0,,,,,,,,,
47,VISIT,3049,Nearest,OnArrival,5,15,12627,Node_307,28,0,5,28,5,,,,,,,,,
47,VISIT,3051,Nearest,OnArrival,5,15,12627,Node_307,28,0,5,28,5,,,,,,,,,
47,VISIT,3052,Nearest,OnArrival,5,14,12627,Node_368,27,0,2,27,2,,,,,,,,,
47,VISIT,3052,Nearest,OnArrival,5,15,12646,Node_369,27,0,1,27,1,,,,,,,,,
47,VISIT,3049,Nearest,OnArrival,5,16,12666,Node_313,28,0,3,28,3,,,,,,,,,
47,VISIT,3051,Nearest,OnArrival,5,16,12666,Node_313,28,0,3,28,3,,,,,,,,,
47,VISIT,3052,Nearest,OnArrival,5,16,12666,Node_318,28,0,1,28,1,,,,,,,,,
47,VISIT,3049,Nearest,OnArrival,5,17,12685,Node_316,28,0,2,28,2,,,,,,,,,
47,VISIT,3051,Nearest,OnArrival,5,17,12685,Node_316,28,0,2,28,2,,,,,,,,,
47,VISIT,3047,Nearest,OnArrival,5,31,12696,Node_161,19,0,1,19,1,,,,,,,,,
47,VISIT,3048,Nearest,OnArrival,5,29,12696,Node_161,19,0,1,19,1,,,,,,,,,
47,VISIT,3049,Nearest,OnArrival,5,18,12723,Node_365,29,0,3,29,3,,,,,,,,,
47,VISIT,3051,Nearest,OnArrival,5,18,12723,Node_365,29,0,3,29,3,,,,,,,,,
47,VISIT,3052,Nearest,OnArrival,5,17,12723,Node_365,29,0,3,29,3,,,,,,,,,
47,VISIT,3048,Nearest,OnArrival,5,30,12849,Node_406,18,0,0,18,0,,,,,,,,,
47,VISIT,3048,Nearest,OnArrival,5,31,12868,Node_399,19,0,0,19,0,,,,,,,,,
47,VISIT,3049,Nearest,OnArrival,5,19,12876,Node_359,31,0,7,31,7,,,,,,,,,
47,VISIT,3051,Nearest,OnArrival,5,19,12876,Node_359,31,0,7,31,7,,,,,,,,,
47,VISIT,3052,Nearest,OnArrival,5,18,12876,Node_359,31,0,7,31,7,,,,,,,,,
47,VISIT,3049,Nearest,OnArrival,5,20,12895,Node_360,31,0,6,31,6,,,,,,,,,
47,VISIT,3051,Nearest,OnArrival,5,20,12895,Node_360,31,0,6,31,6,,,,,,,,,
47,VISIT,3052,Nearest,OnArrival,5,19,12895,Node_360,31,0,6,31,6,,,,,,,,,
47,VISIT,3049,Nearest,OnArrival,5,21,12915,Node_418,32,0,6,32,6,,,,,,,,,
47,VISIT,3051,Nearest,OnArrival,5,21,12915,Node_418,32,0,6,32,6,,,,,,,,,
47,VISIT,3052,Nearest,OnArrival,5,20,12915,Node_418,32,0,6,32,6,,,,,,,,,
47,VISIT,3051,Nearest,OnArrival,5,22,13085,Node_355,32,0,11,32,11,,,,,,,,,
47,VISIT,3052,Nearest,OnArrival,5,21,13085,Node_355,32,0,11,32,11,,,,,,,,,
47,VISIT,3051,Nearest,OnArrival,5,23,13103,Node_354,32,0,12,32,12,,,,,,,,,
47,VISIT,3052,Nearest,OnArrival,5,22,13103,Node_354,32,0,12,32,12,,,,,,,,,
47,VISIT,3051,Nearest,OnArrival,5,24,13122,Node_340,31,0,12,31,12,,,,,,,,,
47,VISIT,3052,Nearest,OnArrival,5,23,13122,Node_340,31,0,12,31,12,,,,,,,,,
47,VISIT,3051,Nearest,OnArrival,5,25,13141,Node_342,31,0,13,31,13,,,,,,,,,
47,VISIT,3052,Nearest,OnArrival,5,24,13141,Node_342,31,0,13,31,13,,,,,,,,,
47,VISIT,3053,Nearest,OnArrival,5,0,13143,Node_6,19,0,12,19,12,,,,,,,,,
47,VISIT,3054,Nearest,OnArrival,5,0,13143,Node_7,19,0,8,19,8,,,,,,,,,
47,VISIT,3055,Nearest,OnArrival,5,0,13143,Node_8,17,0,10,17,10,,,,,,,,,
47,VISIT,3056,Nearest,OnArrival,5,0,13143,Node_9,21,0,10,21,10,,,,,,,,,
47,VISIT,3051,Nearest,OnArrival,5,26,13156,Node_352,32,0,13,32,13,,,,,,,,,
47,VISIT,3052,Nearest,OnArrival,5,25,13156,Node_352,32,0,13,32,13,,,,,,,,,
47,VISIT,3053,Nearest,OnArrival,5,1,13158,Node_2,19,0,11,19,11,,,,,,,,,
47,VISIT,3054,Nearest,OnArrival,5,1,13158,Node_3,19,0,9,19,9,,,,,,,,,
47,VISIT,3055,Nearest,OnArrival,5,1,13158,Node_4,18,0,10,18,10,,,,,,,,,
47,VISIT,3056,Nearest,OnArrival,5,1,13158,Node_48,21,0,9,21,9,,,,,,,,,
47,VISIT,3053,Nearest,OnArrival,5,2,13175,Node_20,19,0,10,19,10,,,,,,,,,
47,VISIT,3054,Nearest,OnArrival,5,2,13175,Node_50,20,0,9,20,9,,,,,,,,,
47,VISIT,3055,Nearest,OnArrival,5,2,13175,Node_15,18,0,9,18,9,,,,,,,,,
47,VISIT,3056,Nearest,OnArrival,5,2,13175,Node_88,22,0,9,22,9,,,,,,,,,
47,VISIT,3053,Nearest,OnArrival,5,3,13192,Node_3,19,0,9,19,9,,,,,,,,,
47,VISIT,3054,Nearest,OnArrival,5,3,13192,Node_48,21,0,9,21,9,,,,,,,,,
47,VISIT,3055,Nearest,OnArrival,5,3,13192,Node_3,19,0,9,19,9,,,,,,,,,
47,VISIT,3056,Nearest,OnArrival,5,3,13192,Node_129,23,0,9,23,9,,,,,,,,,
47,VISIT,3053,Nearest,OnArrival,5,4,13209,Node_50,20,0,9,20,9,,,,,,,,,
47,VISIT,3054,Nearest,OnArrival,5,4,13209,Node_88,22,0,9,22,9,,,,,,,,,
47,VISIT,3055,Nearest,OnArrival,5,4,13209,Node_50,20,0,9,20,9,,,,,,,,,
47,VISIT,3053,Nearest,OnArrival,5,5,13226,Node_48,21,0,9,21,9,,,,,,,,,
47,VISIT,3054,Nearest,OnArrival,5,5,13226,Node_129,23,0,9,23,9,,,,,,,,,
47,VISIT,3055,Nearest,OnArrival,5,5,13226,Node_48,21,0,9,21,9,,,,,,,,,
47,VISIT,3056,Nearest,OnArrival,5,4,13226,Node_136,25,0,9,25,9,,,,,,,,,
47,VISIT,3053,Nearest,OnArrival,5,6,13243,Node_88,22,0,9,22,9,,,,,,,,,
47,VISIT,3055,Nearest,OnArrival,5,6,13243,Node_88,22,0,9,22,9,,,,,,,,,
47,VISIT,3056,Nearest,OnArrival,5,5,13243,Node_248,26,0,9,26,9,,,,,,,,,
47,VISIT,3053,Nearest,OnArrival,5,7,13261,Node_129,23,0,9,23,9,,,,,,,,,
47,VISIT,3054,Nearest,OnArrival,5,6,13261,Node_136,25,0,9,25,9,,,,,,,,,
47,VISIT,3055,Nearest,OnArrival,5,7,13261,Node_129,23,0,9,23,9,,,,,,,,,
47,VISIT,3056,Nearest,OnArrival,5,6,13261,Node_287,27,0,9,27,9,,,,,,,,,
47,VISIT,3054,Nearest,OnArrival,5,7,13278,Node_248,26,0,9,26,9,,,,,,,,,
47,VISIT,3056,Nearest,OnArrival,5,7,13278,Node_288,27,0,10,27,10,,,,,,,,,
47,VISIT,3053,Nearest,OnArrival,5,8,13297,Node_136,25,0,9,25,9,,,,,,,,,
47,VISIT,3054,Nearest,OnArrival,5,8,13297,Node_287,27,0,9,27,9,,,,,,,,,
47,VISIT,3055,Nearest,OnArrival,5,8,13297,Node_136,25,0,9,25,9,,,,,,,,,
47,VISIT,3056,Nearest,OnArrival,5,8,13297,Node_289,27,0,11,27,11,,,,,,,,,
47,VISIT,3053,Nearest,OnArrival,5,9,13315,Node_248,26,0,9,26,9,,,,,,,,,
47,VISIT,3054,Nearest,OnArrival,5,9,13315,Node_288,27,0,10,27,10,,,,,,,,,
47,VISIT,3055,Nearest,OnArrival,5,9,13315,Node_248,26,0,9,26,9,,,,,,,,,
47,VISIT,3056,Nearest,OnArrival,5,9,13315,Node_291,27,0,12,27,12,,,,,,,,,
47,VISIT,3053,Nearest,OnArrival,5,10,13334,Node_287,27,0,9,27,9,,,,,,,,,
47,VISIT,3054,Nearest,OnArrival,5,10,13334,Node_289,27,0,11,27,11,,,,,,,,,
47,VISIT,3055,Nearest,OnArrival,5,10,13334,Node_287,27,0,9,27,9,,,,,,,,,
47,VISIT,3056,Nearest,OnArrival,5,10,13334,Node_293,27,0,13,27,13,,,,,,,,,
47,VISIT,3053,Nearest,OnArrival,5,11,13353,Node_288,27,0,10,27,10,,,,,,,,,
47,VISIT,3054,Nearest,OnArrival,5,11,13353,Node_291,27,0,12,27,12,,,,,,,,,
47,VISIT,3055,Nearest,OnArrival,5,11,13353,Node_288,27,0,10,27,10,,,,,,,,,
47,VISIT,3053,Nearest,OnArrival,5,12,13372,Node_289,27,0,11,27,11,,,,,,,,,
47,VISIT,3054,Nearest,OnArrival,5,12,13372,Node_293,27,0,13,27,13,,,,,,,,,
47,VISIT,3055,Nearest,OnArrival,5,12,13372,Node_289,27,0,11,27,11,,,,,,,,,
47,VISIT,3056,Nearest,OnArrival,5,11,13372,Node_296,27,0,15,27,15,,,,,,,,,
47,VISIT,3053,Nearest,OnArrival,5,13,13391,Node_291,27,0,12,27,12,,,,,,,,,
47,VISIT,3055,Nearest,OnArrival,5,13,13391,Node_291,27,0,12,27,12,,,,,,,,,
47,VISIT,3053,Nearest,OnArrival,5,14,13409,Node_293,27,0,13,27,13,,,,,,,,,
47,VISIT,3054,Nearest,OnArrival,5,13,13409,Node_296,27,0,15,27,15,,,,,,,,,
47,VISIT,3055,Nearest,OnArrival,5,14,13409,Node_293,27,0,13,27,13,,,,,,,,,
47,VISIT,3054,Nearest,OnArrival,5,14,13427,Node_298,27,0,16,27,16,,,,,,,,,
47,VISIT,3053,Nearest,OnArrival,5,15,13446,Node_296,27,0,15,27,15,,,,,,,,,
47,VISIT,3054,Nearest,OnArrival,5,15,13446,Node_444,28,0,16,28,16,,,,,,,,,
47,VISIT,3055,Nearest,OnArrival,5,15,13446,Node_296,27,0,15,27,15,,,,,,,,,
47,VISIT,3056,Nearest,OnArrival,5,12,13446,Node_305,28,0,18,28,18,,,,,,,,,
47,VISIT,3053,Nearest,OnArrival,5,16,13466,Node_298,27,0,16,27,16,,,,,,,,,
47,VISIT,3055,Nearest,OnArrival,5,16,13466,Node_298,27,0,16,27,16,,,,,,,,,
47,VISIT,3056,Nearest,OnArrival,5,13,13466,Node_309,28,0,19,28,19,,,,,,,,,
47,VISIT,3053,Nearest,OnArrival,5,17,13484,Node_300,27,0,17,27,17,,,,,,,,,
47,VISIT,3055,Nearest,OnArrival,5,17,13484,Node_444,28,0,16,28,16,,,,,,,,,
47,VISIT,3056,Nearest,OnArrival,5,14,13484,Node_285,28,0,20,28,20,,,,,,,,,
47,VISIT,3053,Nearest,OnArrival,5,18,13502,Node_220,26,0,17,26,17,,,,,,,,,
47,VISIT,3054,Nearest,OnArrival,5,16,13502,Node_446,28,0,17,28,17,,,,,,,,,
47,VISIT,3055,Nearest,OnArrival,5,18,13502,Node_446,28,0,17,28,17,,,,,,,,,
47,VISIT,3053,Nearest,OnArrival,5,19,13521,Node_300,27,0,17,27,17,,,,,,,,,
47,VISIT,3054,Nearest,OnArrival,5,17,13521,Node_300,27,0,17,27,17,,,,,,,,,
47,VISIT,3055,Nearest,OnArrival,5,19,13521,Node_300,27,0,17,27,17,,,,,,,,,
47,VISIT,3056,Nearest,OnArrival,5,15,13521,Node_284,27,0,21,27,21,,,,,,,,,
47,VISIT,3053,Nearest,OnArrival,5,20,13540,Node_446,28,0,17,28,17,,,,,,,,,
47,VISIT,3054,Nearest,OnArrival,5,18,13540,Node_239,27,0,18,27,18,,,,,,,,,
47,VISIT,3055,Nearest,OnArrival,5,20,13540,Node_239,27,0,18,27,18,,,,,,,,,
47,VISIT,3056,Nearest,OnArrival,5,16,13540,Node_451,28,0,21,28,21,,,,,,,,,
47,VISIT,3053,Nearest,OnArrival,5,21,13559,Node_449,29,0,17,29,17,,,,,,,,,
47,VISIT,3054,Nearest,OnArrival,5,19,13559,Node_240,27,0,19,27,19,,,,,,,,,
47,VISIT,3055,Nearest,OnArrival,5,21,13559,Node_240,27,0,19,27,19,,,,,,,,,
47,VISIT,3054,Nearest,OnArrival,5,20,13578,Node_309,28,0,19,28,19,,,,,,,,,
47,VISIT,3055,Nearest,OnArrival,5,22,13578,Node_309,28,0,19,28,19,,,,,,,,,
47,VISIT,3054,Nearest,OnArrival,5,21,13597,Node_285,28,0,20,28,20,,,,,,,,,
47,VISIT,3055,Nearest,OnArrival,5,23,13597,Node_285,28,0,20,28,20,,,,,,,,,
47,VISIT,3053,Nearest,OnArrival,5,22,13615,Node_447,29,0,16,29,16,,,,,,,,,
47,VISIT,3054,Nearest,OnArrival,5,22,13615,Node_451,28,0,21,28,21,,,,,,,,,
47,VISIT,3055,Nearest,OnArrival,5,24,13615,Node_451,28,0,21,28,21,,,,,,,,,
47,VISIT,3053,Nearest,OnArrival,5,23,13633,Node_454,30,0,16,30,16,,,,,,,,,
47,VISIT,3053,Nearest,OnArrival,5,24,13652,Node_349,31,0,16,31,16,,,,,,,,,
47,VISIT,3054,Nearest,OnArrival,5,23,13652,Node_453,30,0,21,30,21,,,,,,,,,
47,VISIT,3055,Nearest,OnArrival,5,25,13652,Node_453,30,0,21,30,21,,,,,,,,,
47,VISIT,3054,Nearest,OnArrival,5,24,13763,Node_458,30,0,25,30,25,,,,,,,,,
47,VISIT,3055,Nearest,OnArrival,5,26,13763,Node_458,30,0,25,30,25,,,,,,,,,
47,VISIT,3054,Nearest,OnArrival,5,25,13781,Node_457,30,0,24,30,24,,,,,,,,,
47,VISIT,3055,Nearest,OnArrival,5,27,13781,Node_457,30,0,24,30,24,,,,,,,,,
47,VISIT,3053,Nearest,OnArrival,5,25,13799,Node_463,31,0,22,31,22,,,,,,,,,
47,VISIT,3053,Nearest,OnArrival,5,26,13817,Node_455,30,0,22,30,22,,,,,,,,,
47,VISIT,3054,Nearest,OnArrival,5,26,13817,Node_461,29,0,25,29,25,,,,,,,,,
47,VISIT,3055,Nearest,OnArrival,5,28,13817,Node_461,29,0,25,29,25,,,,,,,,,
47,VISIT,3053,Nearest,OnArrival,5,27,13835,Node_456,30,0,23,30,23,,,,,,,,,
47,VISIT,3053,Nearest,OnArrival,5,28,13854,Node_465,31,0,23,31,23,,,,,,,,,
47,VISIT,3053,Nearest,OnArrival,5,29,13873,Node_467,31,0,24,31,24,,,,,,,,,
47,VISIT,3053,Nearest,OnArrival,5,30,13891,Node_457,30,0,24,30,24,,,,,,,,,
47,VISIT,3054,Nearest,OnArrival,5,27,13891,Node_279,25,0,25,25,25,,,,,,,,,
47,VISIT,3055,Nearest,OnArrival,5,29,13891,Node_279,25,0,25,25,25,,,,,,,,,
47,VISIT,3053,Nearest,OnArrival,5,31,13909,Node_467,31,0,24,31,24,,,,,,,,,
47,VISIT,3054,Nearest,OnArrival,5,28,13909,Node_121,24,0,25,24,25,,,,,,,,,
47,VISIT,3055,Nearest,OnArrival,5,30,13909,Node_121,24,0,25,24,25,,,,,,,,,
47,VISIT,3057,Nearest,OnArrival,5,0,13920,Node_6,19,0,12,19,12,,,,,,,,,
47,VISIT,3058,Nearest,OnArrival,5,0,13920,Node_7,19,0,8,19,8,,,,,,,,,
47,VISIT,3059,Nearest,OnArrival,5,0,13920,Node_8,17,0,10,17,10,,,,,,,,,
47,VISIT,3060,Nearest,OnArrival,5,0,13920,Node_9,21,0,10,21,10,,,,,,,,,
47,VISIT,3053,Nearest,OnArrival,5,32,13924,Node_450,32,0,24,32,24,,,,,,,,,
47,VISIT,3057,Nearest,OnArrival,5,1,13932,Node_46,20,0,12,20,12,,,,,,,,,
47,VISIT,3058,Nearest,OnArrival,5,1,13932,Node_3,19,0,9,19,9,,,,,,,,,
47,VISIT,3059,Nearest,OnArrival,5,1,13932,Node_4,18,0,10,18,10,,,,,,,,,
47,VISIT,3060,Nearest,OnArrival,5,1,13932,Node_13,21,0,11,21,11,,,,,,,,,
47,VISIT,3053,Nearest,OnArrival,5,33,13937,Node_448,32,0,25,32,25,,,,,,,,,
47,VISIT,3057,Nearest,OnArrival,5,2,13945,Node_49,20,0,13,20,13,,,,,,,,,
47,VISIT,3058,Nearest,OnArrival,5,2,13945,Node_50,20,0,9,20,9,,,,,,,,,
47,VISIT,3059,Nearest,OnArrival,5,2,13945,Node_14,18,0,11,18,11,,,,,,,,,
47,VISIT,3060,Nearest,OnArrival,5,2,13945,Node_87,22,0,11,22,11,,,,,,,,,
47,VISIT,3053,Nearest,OnArrival,5,34,13950,Node_469,31,0,25,31,25,,,,,,,,,
47,VISIT,3057,Nearest,OnArrival,5,3,13958,Node_53,20,0,14,20,14,,,,,,,,,
47,VISIT,3058,Nearest,OnArrival,5,3,13958,Node_48,21,0,9,21,9,,,,,,,,,
47,VISIT,3059,Nearest,OnArrival,5,3,13958,Node_2,19,0,11,19,11,,,,,,,,,
47,VISIT,3060,Nearest,OnArrival,5,3,13958,Node_89,23,0,11,23,11,,,,,,,,,
47,VISIT,3053,Nearest,OnArrival,5,35,13963,Node_467,31,0,24,31,24,,,,,,,,,
47,VISIT,3057,Nearest,OnArrival,5,4,13971,Node_56,20,0,15,20,15,,,,,,,,,
47,VISIT,3058,Nearest,OnArrival,5,4,13971,Node_88,22,0,9,22,9,,,,,,,,,
47,VISIT,3059,Nearest,OnArrival,5,4,13971,Node_57,20,0,11,20,11,,,,,,,,,
47,VISIT,3060,Nearest,OnArrival,5,4,13971,Node_92,23,0,12,23,12,,,,,,,,,
47,VISIT,3053,Nearest,OnArrival,5,36,13977,Node_465,31,0,23,31,23,,,,,,,,,
47,VISIT,3054,Nearest,OnArrival,5,29,13977,Node_122,19,0,25,19,25,,,,,,,,,
47,VISIT,3055,Nearest,OnArrival,5,31,13977,Node_122,19,0,25,19,25,,,,,,,,,
47,VISIT,3057,Nearest,OnArrival,5,5,13985,Node_25,21,0,15,21,15,,,,,,,,,
47,VISIT,3058,Nearest,OnArrival,5,5,13985,Node_129,23,0,9,23,9,,,,,,,,,
47,VISIT,3059,Nearest,OnArrival,5,5,13985,Node_13,21,0,11,21,11,,,,,,,,,
47,VISIT,3060,Nearest,OnArrival,5,5,13985,Node_94,24,0,12,24,12,,,,,,,,,
47,VISIT,3053,Nearest,OnArrival,5,37,13991,Node_463,31,0,22,31,22,,,,,,,,,
47,VISIT,3057,Nearest,OnArrival,5,6,13999,Node_27,21,0,16,21,16,,,,,,,,,
47,VISIT,3059,Nearest,OnArrival,5,6,13999,Node_87,22,0,11,22,11,,,,,,,,,
47,VISIT,3060,Nearest,OnArrival,5,6,13999,Node_96,24,0,13,24,13,,,,,,,,,
47,VISIT,3053,Nearest,OnArrival,5,38,14006,Node_471,32,0,22,32,22,,,,,,,,,
47,VISIT,3058,Nearest,OnArrival,5,6,14014,Node_136,25,0,9,25,9,,,,,,,,,
47,VISIT,3059,Nearest,OnArrival,5,7,14014,Node_89,23,0,11,23,11,,,,,,,,,
47,VISIT,3060,Nearest,OnArrival,5,7,14014,Node_102,25,0,13,25,13,,,,,,,,,
47,VISIT,3055,Nearest,OnArrival,5,32,14020,Node_162,18,0,23,18,23,,,,,,,,,
47,VISIT,3057,Nearest,OnArrival,5,7,14029,Node_30,21,0,18,21,18,,,,,,,,,
47,VISIT,3058,Nearest,OnArrival,5,7,14029,Node_248,26,0,9,26,9,,,,,,,,,
47,VISIT,3059,Nearest,OnArrival,5,8,14029,Node_92,23,0,12,23,12,,,,,,,,,
47,VISIT,3060,Nearest,OnArrival,5,8,14029,Node_208,26,0,13,26,13,,,,,,,,,
47,VISIT,3055,Nearest,OnArrival,5,33,14035,Node_124,19,0,23,19,23,,,,,,,,,
47,VISIT,3057,Nearest,OnArrival,5,8,14045,Node_217,20,0,18,20,18,,,,,,,,,
47,VISIT,3058,Nearest,OnArrival,5,8,14045,Node_287,27,0,9,27,9,,,,,,,,,
47,VISIT,3059,Nearest,OnArrival,5,9,14045,Node_94,24,0,12,24,12,,,,,,,,,
47,VISIT,3060,Nearest,OnArrival,5,9,14045,Node_293,27,0,13,27,13,,,,,,,,,
47,VISIT,3058,Nearest,OnArrival,5,9,14062,Node_326,28,0,9,28,9,,,,,,,,,
47,VISIT,3059,Nearest,OnArrival,5,10,14062,Node_96,24,0,13,24,13,,,,,,,,,
47,VISIT,3060,Nearest,OnArrival,5,10,14062,Node_330,28,0,13,28,13,,,,,,,,,
47,VISIT,3055,Nearest,OnArrival,5,34,14070,Node_234,21,0,23,21,23,,,,,,,,,
47,VISIT,3057,Nearest,OnArrival,5,9,14079,Node_142,18,0,18,18,18,,,,,,,,,
47,VISIT,3059,Nearest,OnArrival,5,11,14079,Node_102,25,0,13,25,13,,,,,,,,,
47,VISIT,3057,Nearest,OnArrival,5,10,14097,Node_146,18,0,19,18,19,,,,,,,,,
47,VISIT,3058,Nearest,OnArrival,5,10,14097,Node_332,30,0,9,30,9,,,,,,,,,
47,VISIT,3059,Nearest,OnArrival,5,12,14097,Node_208,26,0,13,26,13,,,,,,,,,
47,VISIT,3060,Nearest,OnArrival,5,11,14097,Node_346,30,0,13,30,13,,,,,,,,,
47,VISIT,3055,Nearest,OnArrival,5,35,14106,Node_124,19,0,23,19,23,,,,,,,,,
47,VISIT,3057,Nearest,OnArrival,5,11,14116,Node_150,18,0,20,18,20,,,,,,,,,
47,VISIT,3058,Nearest,OnArrival,5,11,14116,Node_363,30,0,8,30,8,,,,,,,,,
47,VISIT,3059,Nearest,OnArrival,5,13,14116,Node_293,27,0,13,27,13,,,,,,,,,
47,VISIT,3060,Nearest,OnArrival,5,12,14116,Node_348,30,0,14,30,14,,,,,,,,,
47,VISIT,3055,Nearest,OnArrival,5,36,14125,Node_123,19,0,24,19,24,,,,,,,,,
47,VISIT,3057,Nearest,OnArrival,5,12,14135,Node_154,18,0,21,18,21,,,,,,,,,
47,VISIT,3058,Nearest,OnArrival,5,12,14135,Node_362,30,0,7,30,7,,,,,,,,,
47,VISIT,3059,Nearest,OnArrival,5,14,14135,Node_330,28,0,13,28,13,,,,,,,,,
47,VISIT,3060,Nearest,OnArrival,5,13,14135,Node_344,31,0,14,31,14,,,,,,,,,
47,VISIT,3055,Nearest,OnArrival,5,37,14143,Node_474,18,0,24,18,24,,,,,,,,,
47,VISIT,3057,Nearest,OnArrival,5,13,14153,Node_184,17,0,21,17,21,,,,,,,,,
47,VISIT,3058,Nearest,OnArrival,5,13,14153,Node_359,31,0,7,31,7,,,,,,,,,
47,VISIT,3060,Nearest,OnArrival,5,14,14153,Node_347,31,0,15,31,15,,,,,,,,,
47,VISIT,3055,Nearest,OnArrival,5,38,14161,Node_473,18,0,25,18,25,,,,,,,,,
47,VISIT,3057,Nearest,OnArrival,5,14,14172,Node_154,18,0,21,18,21,,,,,,,,,
47,VISIT,3058,Nearest,OnArrival,5,14,14172,Node_419,32,0,7,32,7,,,,,,,,,
47,VISIT,3059,Nearest,OnArrival,5,15,14172,Node_346,30,0,13,30,13,,,,,,,,,
47,VISIT,3058,Nearest,OnArrival,5,15,14190,Node_424,33,0,7,33,7,,,,,,,,,
47,VISIT,3059,Nearest,OnArrival,5,16,14190,Node_348,30,0,14,30,14,,,,,,,,,
47,VISIT,3060,Nearest,OnArrival,5,15,14190,Node_459,32,0,16,32,16,,,,,,,,,
47,VISIT,3057,Nearest,OnArrival,5,15,14208,Node_125,19,0,22,19,22,,,,,,,,,
47,VISIT,3059,Nearest,OnArrival,5,17,14208,Node_344,31,0,14,31,14,,,,,,,,,
47,VISIT,3060,Nearest,OnArrival,5,16,14208,Node_462,32,0,17,32,17,,,,,,,,,
47,VISIT,3055,Nearest,OnArrival,5,39,14215,Node_310,15,0,25,15,25,,,,,,,,,
47,VISIT,3057,Nearest,OnArrival,5,16,14226,Node_158,18,0,22,18,22,,,,,,,,,
47,VISIT,3058,Nearest,OnArrival,5,16,14226,Node_426,34,0,8,34,8,,,,,,,,,
47,VISIT,3059,Nearest,OnArrival,5,18,14226,Node_347,31,0,15,31,15,,,,,,,,,
47,VISIT,3060,Nearest,OnArrival,5,17,14226,Node_350,31,0,17,31,17,,,,,,,,,
47,VISIT,3055,Nearest,OnArrival,5,40,14233,Node_306,15,0,24,15,24,,,,,,,,,
47,VISIT,3057,Nearest,OnArrival,5,17,14244,Node_154,18,0,21,18,21,,,,,,,,,
47,VISIT,3059,Nearest,OnArrival,5,19,14244,Node_349,31,0,16,31,16,,,,,,,,,
47,VISIT,3055,Nearest,OnArrival,5,41,14251,Node_315,14,0,24,14,24,,,,,,,,,
47,VISIT,3057,Nearest,OnArrival,5,18,14262,Node_184,17,0,21,17,21,,,,,,,,,
47,VISIT,3059,Nearest,OnArrival,5,20,14262,Node_350,31,0,17,31,17,,,,,,,,,
47,VISIT,3060,Nearest,OnArrival,5,18,14262,Node_464,32,0,18,32,18,,,,,,,,,
47,VISIT,3055,Nearest,OnArrival,5,42,14269,Node_317,14,0,23,14,23,,,,,,,,,
47,VISIT,3057,Nearest,OnArrival,5,19,14280,Node_186,16,0,21,16,21,,,,,,,,,
47,VISIT,3059,Nearest,OnArrival,5,21,14280,Node_452,30,0,17,30,17,,,,,,,,,
47,VISIT,3057,Nearest,OnArrival,5,20,14298,Node_191,15,0,21,15,21,,,,,,,,,
47,VISIT,3059,Nearest,OnArrival,5,22,14298,Node_350,31,0,17,31,17,,,,,,,,,
47,VISIT,3057,Nearest,OnArrival,5,21,14315,Node_321,14,0,21,14,21,,,,,,,,,
47,VISIT,3058,Nearest,OnArrival,5,17,14315,Node_429,34,0,11,34,11,,,,,,,,,
47,VISIT,3059,Nearest,OnArrival,5,23,14315,Node_462,32,0,17,32,17,,,,,,,,,
47,VISIT,3057,Nearest,OnArrival,5,22,14333,Node_319,14,0,22,14,22,,,,,,,,,
47,VISIT,3058,Nearest,OnArrival,5,18,14333,Node_428,34,0,10,34,10,,,,,,,,,
47,VISIT,3057,Nearest,OnArrival,5,23,14350,Node_487,13,0,22,13,22,,,,,,,,,
47,VISIT,3058,Nearest,OnArrival,5,19,14350,Node_482,35,0,10,35,10,,,,,,,,,
47,VISIT,3059,Nearest,OnArrival,5,24,14350,Node_483,33,0,18,33,18,,,,,,,,,
47,VISIT,3060,Nearest,OnArrival,5,19,14350,Node_475,33,0,22,33,22,,,,,,,,,
47,VISIT,3057,Nearest,OnArrival,5,24,14368,Node_484,13,0,23,13,23,,,,,,,,,
47,VISIT,3057,Nearest,OnArrival,5,25,14386,Node_492,12,0,23,12,23,,,,,,,,,
47,VISIT,3060,Nearest,OnArrival,5,20,14386,Node_440,35,0,22,35,22,,,,,,,,,
47,VISIT,3058,Nearest,OnArrival,5,20,14404,Node_481,35,0,9,35,9,,,,,,,,,
47,VISIT,3059,Nearest,OnArrival,5,25,14404,Node_490,33,0,17,33,17,,,,,,,,,
47,VISIT,3057,Nearest,OnArrival,5,26,14421,Node_502,11,0,24,11,24,,,,,,,,,
47,VISIT,3058,Nearest,OnArrival,5,21,14421,Node_427,34,0,9,34,9,,,,,,,,,
47,VISIT,3059,Nearest,OnArrival,5,26,14421,Node_498,34,0,17,34,17,,,,,,,,,
47,VISIT,3055,Nearest,OnArrival,5,43,14427,Node_500,11,0,23,11,23,,,,,,,,,
47,VISIT,3058,Nearest,OnArrival,5,22,14438,Node_426,34,0,8,34,8,,,,,,,,,
47,VISIT,3059,Nearest,OnArrival,5,27,14438,Node_435,35,0,17,35,17,,,,,,,,,
47,VISIT,3058,Nearest,OnArrival,5,23,14455,Node_479,35,0,8,35,8,,,,,,,,,
47,VISIT,3058,Nearest,OnArrival,5,24,14489,Node_478,34,0,7,34,7,,,,,,,,,
47,VISIT,3057,Nearest,OnArrival,5,27,14507,Node_504,10,0,24,10,24,,,,,,,,,
47,VISIT,3058,Nearest,OnArrival,5,25,14507,Node_424,33,0,7,33,7,,,,,,,,,
47,VISIT,3057,Nearest,OnArrival,5,28,14525,Node_502,11,0,24,11,24,,,,,,,,,
47,VISIT,3058,Nearest,OnArrival,5,26,14525,Node_423,33,0,6,33,6,,,,,,,,,
47,VISIT,3057,Nearest,OnArrival,5,29,14542,Node_493,12,0,24,12,24,,,,,,,,,
47,VISIT,3059,Nearest,OnArrival,5,28,14542,Node_501,36,0,22,36,22,,,,,,,,,
47,VISIT,3057,Nearest,OnArrival,5,30,14560,Node_496,12,0,25,12,25,,,,,,,,,
47,VISIT,3059,Nearest,OnArrival,5,29,14560,Node_503,36,0,23,36,23,,,,,,,,,
47,VISIT,3057,Nearest,OnArrival,5,31,14577,Node_499,11,0,25,11,25,,,,,,,,,
47,VISIT,3059,Nearest,OnArrival,5,30,14577,Node_441,35,0,23,35,23,,,,,,,,,
47,VISIT,3057,Nearest,OnArrival,5,32,14595,Node_507,10,0,25,10,25,,,,,,,,,
47,VISIT,3059,Nearest,OnArrival,5,31,14595,Node_443,35,0,24,35,24,,,,,,,,,
47,VISIT,3057,Nearest,OnArrival,5,33,14613,Node_511,9,0,25,9,25,,,,,,,,,
47,VISIT,3059,Nearest,OnArrival,5,32,14613,Node_505,36,0,24,36,24,,,,,,,,,
47,VISIT,3059,Nearest,OnArrival,5,33,14630,Node_509,36,0,25,36,25,,,,,,,,,
47,VISIT,3061,Nearest,OnArrival,5,0,14634,Node_6,19,0,12,19,12,,,,,,,,,
47,VISIT,3062,Nearest,OnArrival,5,0,14634,Node_7,19,0,8,19,8,,,,,,,,,
47,VISIT,3063,Nearest,OnArrival,5,0,14634,Node_8,17,0,10,17,10,,,,,,,,,
47,VISIT,3064,Nearest,OnArrival,5,0,14634,Node_9,21,0,10,21,10,,,,,,,,,
47,VISIT,3059,Nearest,OnArrival,5,34,14641,Node_445,35,0,25,35,25,,,,,,,,,
47,VISIT,3061,Nearest,OnArrival,5,1,14645,Node_2,19,0,11,19,11,,,,,,,,,
47,VISIT,3062,Nearest,OnArrival,5,1,14645,Node_3,19,0,9,19,9,,,,,,,,,
47,VISIT,3063,Nearest,OnArrival,5,1,14645,Node_4,18,0,10,18,10,,,,,,,,,
47,VISIT,3064,Nearest,OnArrival,5,1,14645,Node_48,21,0,9,21,9,,,,,,,,,
47,VISIT,3059,Nearest,OnArrival,5,35,14653,Node_509,36,0,25,36,25,,,,,,,,,
47,VISIT,3061,Nearest,OnArrival,5,2,14657,Node_20,19,0,10,19,10,,,,,,,,,
47,VISIT,3062,Nearest,OnArrival,5,2,14657,Node_50,20,0,9,20,9,,,,,,,,,
47,VISIT,3063,Nearest,OnArrival,5,2,14657,Node_15,18,0,9,18,9,,,,,,,,,
47,VISIT,3064,Nearest,OnArrival,5,2,14657,Node_88,22,0,9,22,9,,,,,,,,,
47,VISIT,3061,Nearest,OnArrival,5,3,14670,Node_3,19,0,9,19,9,,,,,,,,,
47,VISIT,3062,Nearest,OnArrival,5,3,14670,Node_48,21,0,9,21,9,,,,,,,,,
47,VISIT,3063,Nearest,OnArrival,5,3,14670,Node_3,19,0,9,19,9,,,,,,,,,
47,VISIT,3064,Nearest,OnArrival,5,3,14670,Node_129,23,0,9,23,9,,,,,,,,,
47,VISIT,3061,Nearest,OnArrival,5,4,14683,Node_50,20,0,9,20,9,,,,,,,,,
47,VISIT,3062,Nearest,OnArrival,5,4,14683,Node_88,22,0,9,22,9,,,,,,,,,
47,VISIT,3063,Nearest,OnArrival,5,4,14683,Node_50,20,0,9,20,9,,,,,,,,,
47,VISIT,3061,Nearest,OnArrival,5,5,14697,Node_48,21,0,9,21,9,,,,,,,,,
47,VISIT,3062,Nearest,OnArrival,5,5,14697,Node_129,23,0,9,23,9,,,,,,,,,
47,VISIT,3063,Nearest,OnArrival,5,5,14697,Node_48,21,0,9,21,9,,,,,,,,,
47,VISIT,3064,Nearest,OnArrival,5,4,14697,Node_136,25,0,9,25,9,,,,,,,,,
47,VISIT,3061,Nearest,OnArrival,5,6,14711,Node_88,22,0,9,22,9,,,,,,,,,
47,VISIT,3063,Nearest,OnArrival,5,6,14711,Node_88,22,0,9,22,9,,,,,,,,,
47,VISIT,3064,Nearest,OnArrival,5,5,14711,Node_248,26,0,9,26,9,,,,,,,,,
47,VISIT,3061,Nearest,OnArrival,5,7,14726,Node_129,23,0,9,23,9,,,,,,,,,
47,VISIT,3062,Nearest,OnArrival,5,6,14726,Node_136,25,0,9,25,9,,,,,,,,,
47,VISIT,3063,Nearest,OnArrival,5,7,14726,Node_129,23,0,9,23,9,,,,,,,,,
47,VISIT,3064,Nearest,OnArrival,5,6,14726,Node_287,27,0,9,27,9,,,,,,,,,
47,VISIT,3062,Nearest,OnArrival,5,7,14741,Node_248,26,0,9,26,9,,,,,,,,,
47,VISIT,3064,Nearest,OnArrival,5,7,14741,Node_326,28,0,9,28,9,,,,,,,,,
47,VISIT,3061,Nearest,OnArrival,5,8,14758,Node_136,25,0,9,25,9,,,,,,,,,
47,VISIT,3062,Nearest,OnArrival,5,8,14758,Node_287,27,0,9,27,9,,,,,,,,,
47,VISIT,3063,Nearest,OnArrival,5,8,14758,Node_136,25,0,9,25,9,,,,,,,,,
47,VISIT,3061,Nearest,OnArrival,5,9,14774,Node_248,26,0,9,26,9,,,,,,,,,
47,VISIT,3062,Nearest,OnArrival,5,9,14774,Node_326,28,0,9,28,9,,,,,,,,,
47,VISIT,3063,Nearest,OnArrival,5,9,14774,Node_248,26,0,9,26,9,,,,,,,,,
47,VISIT,3064,Nearest,OnArrival,5,8,14774,Node_332,30,0,9,30,9,,,,,,,,,
47,VISIT,3061,Nearest,OnArrival,5,10,14790,Node_287,27,0,9,27,9,,,,,,,,,
47,VISIT,3063,Nearest,OnArrival,5,10,14790,Node_287,27,0,9,27,9,,,,,,,,,
47,VISIT,3064,Nearest,OnArrival,5,9,14790,Node_363,30,0,8,30,8,,,,,,,,,
47,VISIT,3061,Nearest,OnArrival,5,11,14807,Node_326,28,0,9,28,9,,,,,,,,,
47,VISIT,3062,Nearest,OnArrival,5,10,14807,Node_332,30,0,9,30,9,,,,,,,,,
47,VISIT,3063,Nearest,OnArrival,5,11,14807,Node_326,28,0,9,28,9,,,,,,,,,
47,VISIT,3064,Nearest,OnArrival,5,10,14807,Node_362,30,0,7,30,7,,,,,,,,,
47,VISIT,3062,Nearest,OnArrival,5,11,14824,Node_363,30,0,8,30,8,,,,,,,,,
47,VISIT,3064,Nearest,OnArrival,5,11,14824,Node_361,30,0,6,30,6,,,,,,,,,
47,VISIT,3061,Nearest,OnArrival,5,12,14842,Node_332,30,0,9,30,9,,,,,,,,,
47,VISIT,3062,Nearest,OnArrival,5,12,14842,Node_362,30,0,7,30,7,,,,,,,,,
47,VISIT,3063,Nearest,OnArrival,5,12,14842,Node_332,30,0,9,30,9,,,,,,,,,
47,VISIT,3064,Nearest,OnArrival,5,12,14842,Node_360,31,0,6,31,6,,,,,,,,,
47,VISIT,3061,Nearest,OnArrival,5,13,14860,Node_363,30,0,8,30,8,,,,,,,,,
47,VISIT,3062,Nearest,OnArrival,5,13,14860,Node_361,30,0,6,30,6,,,,,,,,,
47,VISIT,3063,Nearest,OnArrival,5,13,14860,Node_363,30,0,8,30,8,,,,,,,,,
47,VISIT,3064,Nearest,OnArrival,5,13,14860,Node_418,32,0,6,32,6,,,,,,,,,
47,VISIT,3061,Nearest,OnArrival,5,14,14878,Node_362,30,0,7,30,7,,,,,,,,,
47,VISIT,3062,Nearest,OnArrival,5,14,14878,Node_360,31,0,6,31,6,,,,,,,,,
47,VISIT,3063,Nearest,OnArrival,5,14,14878,Node_362,30,0,7,30,7,,,,,,,,,
47,VISIT,3064,Nearest,OnArrival,5,14,14878,Node_416,32,0,5,32,5,,,,,,,,,
47,VISIT,3061,Nearest,OnArrival,5,15,14896,Node_361,30,0,6,30,6,,,,,,,,,
47,VISIT,3062,Nearest,OnArrival,5,15,14896,Node_418,32,0,6,32,6,,,,,,,,,
47,VISIT,3063,Nearest,OnArrival,5,15,14896,Node_361,30,0,6,30,6,,,,,,,,,
47,VISIT,3064,Nearest,OnArrival,5,15,14896,Node_518,33,0,5,33,5,,,,,,,,,
47,VISIT,3061,Nearest,OnArrival,5,16,14914,Node_360,31,0,6,31,6,,,,,,,,,
47,VISIT,3062,Nearest,OnArrival,5,16,14914,Node_416,32,0,5,32,5,,,,,,,,,
47,VISIT,3063,Nearest,OnArrival,5,16,14914,Node_360,31,0,6,31,6,,,,,,,,,
47,VISIT,3064,Nearest,OnArrival,5,16,14914,Node_519,33,0,4,33,4,,,,,,,,,
47,VISIT,3061,Nearest,OnArrival,5,17,14932,Node_418,32,0,6,32,6,,,,,,,,,
47,VISIT,3062,Nearest,OnArrival,5,17,14932,Node_414,32,0,4,32,4,,,,,,,,,
47,VISIT,3063,Nearest,OnArrival,5,17,14932,Node_418,32,0,6,32,6,,,,,,,,,
47,VISIT,3061,Nearest,OnArrival,5,18,14949,Node_416,32,0,5,32,5,,,,,,,,,
47,VISIT,3062,Nearest,OnArrival,5,18,14949,Node_519,33,0,4,33,4,,,,,,,,,
47,VISIT,3063,Nearest,OnArrival,5,18,14949,Node_416,32,0,5,32,5,,,,,,,,,
47,VISIT,3061,Nearest,OnArrival,5,19,14967,Node_414,32,0,4,32,4,,,,,,,,,
47,VISIT,3063,Nearest,OnArrival,5,19,14967,Node_414,32,0,4,32,4,,,,,,,,,
47,VISIT,3061,Nearest,OnArrival,5,20,14984,Node_411,32,0,3,32,3,,,,,,,,,
47,VISIT,3063,Nearest,OnArrival,5,20,14984,Node_519,33,0,4,33,4,,,,,,,,,
47,VISIT,3061,Nearest,OnArrival,5,21,15001,Node_526,33,0,3,33,3,,,,,,,,,
47,VISIT,3063,Nearest,OnArrival,5,21,15001,Node_526,33,0,3,33,3,,,,,,,,,
47,VISIT,3061,Nearest,OnArrival,5,22,15018,Node_530,34,0,3,34,3,,,,,,,,,
47,VISIT,3063,Nearest,OnArrival,5,22,15018,Node_530,34,0,3,34,3,,,,,,,,,
47,VISIT,3061,Nearest,OnArrival,5,23,15069,Node_528,34,0,4,34,4,,,,,,,,,
47,VISIT,3063,Nearest,OnArrival,5,23,15069,Node_528,34,0,4,34,4,,,,,,,,,
47,VISIT,3061,Nearest,OnArrival,5,24,15086,Node_539,35,0,4,35,4,,,,,,,,,
47,VISIT,3063,Nearest,OnArrival,5,24,15086,Node_539,35,0,4,35,4,,,,,,,,,
47,VISIT,3064,Nearest,OnArrival,5,17,15120,Node_385,30,0,-5,30,-5,,,,,,,,,
47,VISIT,3061,Nearest,OnArrival,5,25,15137,Node_536,35,0,3,35,3,,,,,,,,,
47,VISIT,3063,Nearest,OnArrival,5,25,15137,Node_536,35,0,3,35,3,,,,,,,,,
47,VISIT,3064,Nearest,OnArrival,5,18,15137,Node_386,30,0,-4,30,-4,,,,,,,,,
47,VISIT,3061,Nearest,OnArrival,5,26,15154,Node_547,36,0,3,36,3,,,,,,,,,
47,VISIT,3063,Nearest,OnArrival,5,26,15154,Node_547,36,0,3,36,3,,,,,,,,,
47,VISIT,3064,Nearest,OnArrival,5,19,15154,Node_383,29,0,-4,29,-4,,,,,,,,,
47,VISIT,3064,Nearest,OnArrival,5,20,15172,Node_382,29,0,-3,29,-3,,,,,,,,,
47,VISIT,3064,Nearest,OnArrival,5,21,15189,Node_387,30,0,-3,30,-3,,,,,,,,,
47,VISIT,3065,Nearest,OnArrival,5,0,15324,Node_6,19,0,12,19,12,,,,,,,,,
47,VISIT,3066,Nearest,OnArrival,5,0,15324,Node_7,19,0,8,19,8,,,,,,,,,
47,VISIT,3067,Nearest,OnArrival,5,0,15324,Node_8,17,0,10,17,10,,,,,,,,,
47,VISIT,3068,Nearest,OnArrival,5,0,15324,Node_9,21,0,10,21,10,,,,,,,,,
47,VISIT,3065,Nearest,OnArrival,5,1,15332,Node_2,19,0,11,19,11,,,,,,,,,
47,VISIT,3066,Nearest,OnArrival,5,1,15332,Node_47,20,0,8,20,8,,,,,,,,,
47,VISIT,3067,Nearest,OnArrival,5,1,15332,Node_4,18,0,10,18,10,,,,,,,,,
47,VISIT,3068,Nearest,OnArrival,5,1,15332,Node_48,21,0,9,21,9,,,,,,,,,
47,VISIT,3065,Nearest,OnArrival,5,2,15341,Node_20,19,0,10,19,10,,,,,,,,,
47,VISIT,3066,Nearest,OnArrival,5,2,15341,Node_52,21,0,8,21,8,,,,,,,,,
47,VISIT,3067,Nearest,OnArrival,5,2,15341,Node_15,18,0,9,18,9,,,,,,,,,
47,VISIT,3068,Nearest,OnArrival,5,2,15341,Node_88,22,0,9,22,9,,,,,,,,,
47,VISIT,3065,Nearest,OnArrival,5,3,15351,Node_3,19,0,9,19,9,,,,,,,,,
47,VISIT,3066,Nearest,OnArrival,5,3,15351,Node_55,21,0,7,21,7,,,,,,,,,
47,VISIT,3067,Nearest,OnArrival,5,3,15351,Node_3,19,0,9,19,9,,,,,,,,,
47,VISIT,3068,Nearest,OnArrival,5,3,15351,Node_129,23,0,9,23,9,,,,,,,,,
47,VISIT,3065,Nearest,OnArrival,5,4,15361,Node_50,20,0,9,20,9,,,,,,,,,
47,VISIT,3066,Nearest,OnArrival,5,4,15361,Node_59,21,0,6,21,6,,,,,,,,,
47,VISIT,3067,Nearest,OnArrival,5,4,15361,Node_50,20,0,9,20,9,,,,,,,,,
47,VISIT,3065,Nearest,OnArrival,5,5,15374,Node_48,21,0,9,21,9,,,,,,,,,
47,VISIT,3066,Nearest,OnArrival,5,5,15374,Node_61,21,0,5,21,5,,,,,,,,,
47,VISIT,3067,Nearest,OnArrival,5,5,15374,Node_48,21,0,9,21,9,,,,,,,,,
47,VISIT,3068,Nearest,OnArrival,5,4,15374,Node_136,25,0,9,25,9,,,,,,,,,
47,VISIT,3065,Nearest,OnArrival,5,6,15385,Node_88,22,0,9,22,9,,,,,,,,,
47,VISIT,3066,Nearest,OnArrival,5,6,15385,Node_64,21,0,4,21,4,,,,,,,,,
47,VISIT,3067,Nearest,OnArrival,5,6,15385,Node_88,22,0,9,22,9,,,,,,,,,
47,VISIT,3068,Nearest,OnArrival,5,5,15385,Node_139,25,0,8,25,8,,,,,,,,,
47,VISIT,3065,Nearest,OnArrival,5,7,15396,Node_129,23,0,9,23,9,,,,,,,,,
47,VISIT,3066,Nearest,OnArrival,5,7,15396,Node_67,21,0,3,21,3,,,,,,,,,
47,VISIT,3067,Nearest,OnArrival,5,7,15396,Node_129,23,0,9,23,9,,,,,,,,,
47,VISIT,3068,Nearest,OnArrival,5,6,15396,Node_143,25,0,7,25,7,,,,,,,,,
47,VISIT,3066,Nearest,OnArrival,5,8,15408,Node_69,20,0,3,20,3,,,,,,,,,
47,VISIT,3068,Nearest,OnArrival,5,7,15408,Node_147,25,0,6,25,6,,,,,,,,,
47,VISIT,3065,Nearest,OnArrival,5,8,15424,Node_136,25,0,9,25,9,,,,,,,,,
47,VISIT,3067,Nearest,OnArrival,5,8,15424,Node_136,25,0,9,25,9,,,,,,,,,
47,VISIT,3068,Nearest,OnArrival,5,8,15424,Node_151,25,0,5,25,5,,,,,,,,,
47,VISIT,3065,Nearest,OnArrival,5,9,15436,Node_139,25,0,8,25,8,,,,,,,,,
47,VISIT,3066,Nearest,OnArrival,5,9,15436,Node_157,19,0,2,19,2,,,,,,,,,
47,VISIT,3067,Nearest,OnArrival,5,9,15436,Node_139,25,0,8,25,8,,,,,,,,,
47,VISIT,3068,Nearest,OnArrival,5,9,15436,Node_255,26,0,5,26,5,,,,,,,,,
47,VISIT,3065,Nearest,OnArrival,5,10,15450,Node_143,25,0,7,25,7,,,,,,,,,
47,VISIT,3066,Nearest,OnArrival,5,10,15450,Node_153,19,0,3,19,3,,,,,,,,,
47,VISIT,3067,Nearest,OnArrival,5,10,15450,Node_143,25,0,7,25,7,,,,,,,,,
47,VISIT,3068,Nearest,OnArrival,5,10,15450,Node_299,27,0,5,27,5,,,,,,,,,
47,VISIT,3065,Nearest,OnArrival,5,11,15464,Node_147,25,0,6,25,6,,,,,,,,,
47,VISIT,3066,Nearest,OnArrival,5,11,15464,Node_69,20,0,3,20,3,,,,,,,,,
47,VISIT,3067,Nearest,OnArrival,5,11,15464,Node_147,25,0,6,25,6,,,,,,,,,
47,VISIT,3068,Nearest,OnArrival,5,11,15464,Node_307,28,0,5,28,5,,,,,,,,,
47,VISIT,3065,Nearest,OnArrival,5,12,15478,Node_151,25,0,5,25,5,,,,,,,,,
47,VISIT,3066,Nearest,OnArrival,5,12,15478,Node_566,20,0,2,20,2,,,,,,,,,
47,VISIT,3067,Nearest,OnArrival,5,12,15478,Node_151,25,0,5,25,5,,,,,,,,,
47,VISIT,3065,Nearest,OnArrival,5,13,15493,Node_255,26,0,5,26,5,,,,,,,,,
47,VISIT,3066,Nearest,OnArrival,5,13,15493,Node_157,19,0,2,19,2,,,,,,,,,
47,VISIT,3067,Nearest,OnArrival,5,13,15493,Node_255,26,0,5,26,5,,,,,,,,,
47,VISIT,3068,Nearest,OnArrival,5,12,15493,Node_313,28,0,3,28,3,,,,,,,,,
47,VISIT,3065,Nearest,OnArrival,5,14,15510,Node_299,27,0,5,27,5,,,,,,,,,
47,VISIT,3066,Nearest,OnArrival,5,14,15510,Node_161,19,0,1,19,1,,,,,,,,,
47,VISIT,3067,Nearest,OnArrival,5,14,15510,Node_299,27,0,5,27,5,,,,,,,,,
47,VISIT,3068,Nearest,OnArrival,5,13,15510,Node_316,28,0,2,28,2,,,,,,,,,
47,VISIT,3065,Nearest,OnArrival,5,15,15528,Node_307,28,0,5,28,5,,,,,,,,,
47,VISIT,3066,Nearest,OnArrival,5,15,15528,Node_399,19,0,0,19,0,,,,,,,,,
47,VISIT,3067,Nearest,OnArrival,5,15,15528,Node_307,28,0,5,28,5,,,,,,,,,
47,VISIT,3068,Nearest,OnArrival,5,14,15528,Node_318,28,0,1,28,1,,,,,,,,,
47,VISIT,3066,Nearest,OnArrival,5,16,15545,Node_420,19,0,-1,19,-1,,,,,,,,,
47,VISIT,3068,Nearest,OnArrival,5,15,15545,Node_320,28,0,0,28,0,,,,,,,,,
47,VISIT,3065,Nearest,OnArrival,5,16,15563,Node_313,28,0,3,28,3,,,,,,,,,
47,VISIT,3066,Nearest,OnArrival,5,17,15563,Node_408,18,0,-1,18,-1,,,,,,,,,
47,VISIT,3067,Nearest,OnArrival,5,16,15563,Node_313,28,0,3,28,3,,,,,,,,,
47,VISIT,3068,Nearest,OnArrival,5,16,15563,Node_370,27,0,0,27,0,,,,,,,,,
47,VISIT,3065,Nearest,OnArrival,5,17,15580,Node_316,28,0,2,28,2,,,,,,,,,
47,VISIT,3066,Nearest,OnArrival,5,18,15580,Node_415,17,0,-1,17,-1,,,,,,,,,
47,VISIT,3067,Nearest,OnArrival,5,17,15580,Node_316,28,0,2,28,2,,,,,,,,,
47,VISIT,3068,Nearest,OnArrival,5,17,15580,Node_371,27,0,-1,27,-1,,,,,,,,,
47,VISIT,3065,Nearest,OnArrival,5,18,15598,Node_318,28,0,1,28,1,,,,,,,,,
47,VISIT,3066,Nearest,OnArrival,5,19,15598,Node_413,17,0,-2,17,-2,,,,,,,,,
47,VISIT,3067,Nearest,OnArrival,5,18,15598,Node_318,28,0,1,28,1,,,,,,,,,
47,VISIT,3068,Nearest,OnArrival,5,18,15598,Node_325,27,0,-2,27,-2,,,,,,,,,
47,VISIT,3065,Nearest,OnArrival,5,19,15616,Node_320,28,0,0,28,0,,,,,,,,,
47,VISIT,3067,Nearest,OnArrival,5,19,15616,Node_320,28,0,0,28,0,,,,,,,,,
47,VISIT,3068,Nearest,OnArrival,5,19,15616,Node_324,28,0,-2,28,-2,,,,,,,,,
47,VISIT,3065,Nearest,OnArrival,5,20,15634,Node_322,28,0,-1,28,-1,,,,,,,,,
47,VISIT,3066,Nearest,OnArrival,5,20,15634,Node_398,15,0,-2,15,-2,,,,,,,,,
47,VISIT,3067,Nearest,OnArrival,5,20,15634,Node_322,28,0,-1,28,-1,,,,,,,,,
47,VISIT,3068,Nearest,OnArrival,5,20,15634,Node_381,29,0,-2,29,-2,,,,,,,,,
47,VISIT,3065,Nearest,OnArrival,5,21,15651,Node_324,28,0,-2,28,-2,,,,,,,,,
47,VISIT,3067,Nearest,OnArrival,5,21,15651,Node_324,28,0,-2,28,-2,,,,,,,,,
47,VISIT,3068,Nearest,OnArrival,5,21,15651,Node_388,30,0,-2,30,-2,,,,,,,,,
47,VISIT,3065,Nearest,OnArrival,5,22,15668,Node_381,29,0,-2,29,-2,,,,,,,,,
47,VISIT,3067,Nearest,OnArrival,5,22,15668,Node_381,29,0,-2,29,-2,,,,,,,,,
47,VISIT,3065,Nearest,OnArrival,5,23,15685,Node_388,30,0,-2,30,-2,,,,,,,,,
47,VISIT,3067,Nearest,OnArrival,5,23,15685,Node_388,30,0,-2,30,-2,,,,,,,,,
47,VISIT,3065,Nearest,OnArrival,5,24,15702,Node_389,30,0,-1,30,-1,,,,,,,,,
47,VISIT,3067,Nearest,OnArrival,5,24,15702,Node_389,30,0,-1,30,-1,,,,,,,,,
47,VISIT,3065,Nearest,OnArrival,5,25,15719,Node_571,31,0,-1,31,-1,,,,,,,,,
47,VISIT,3067,Nearest,OnArrival,5,25,15719,Node_571,31,0,-1,31,-1,,,,,,,,,
47,VISIT,3065,Nearest,OnArrival,5,26,15736,Node_569,31,0,-2,31,-2,,,,,,,,,
47,VISIT,3066,Nearest,OnArrival,5,21,15736,Node_85,14,0,3,14,3,,,,,,,,,
47,VISIT,3067,Nearest,OnArrival,5,26,15736,Node_569,31,0,-2,31,-2,,,,,,,,,
47,VISIT,3065,Nearest,OnArrival,5,27,15753,Node_552,31,0,-3,31,-3,,,,,,,,,
47,VISIT,3067,Nearest,OnArrival,5,27,15753,Node_552,31,0,-3,31,-3,,,,,,,,,
47,VISIT,3065,Nearest,OnArrival,5,28,15769,Node_387,30,0,-3,30,-3,,,,,,,,,
47,VISIT,3067,Nearest,OnArrival,5,28,15769,Node_387,30,0,-3,30,-3,,,,,,,,,
47,VISIT,3068,Nearest,OnArrival,5,22,15769,Node_573,31,0,0,31,0,,,,,,,,,
47,VISIT,3065,Nearest,OnArrival,5,29,15782,Node_386,30,0,-4,30,-4,,,,,,,,,
47,VISIT,3067,Nearest,OnArrival,5,29,15782,Node_386,30,0,-4,30,-4,,,,,,,,,
47,VISIT,3068,Nearest,OnArrival,5,23,15782,Node_578,32,0,0,32,0,,,,,,,,,
47,VISIT,3065,Nearest,OnArrival,5,30,15799,Node_385,30,0,-5,30,-5,,,,,,,,,
47,VISIT,3067,Nearest,OnArrival,5,30,15799,Node_385,30,0,-5,30,-5,,,,,,,,,
47,VISIT,3068,Nearest,OnArrival,5,24,15799,Node_531,33,0,0,33,0,,,,,,,,,
47,VISIT,3068,Nearest,OnArrival,5,25,15815,Node_537,34,0,0,34,0,,,,,,,,,
47,VISIT,3065,Nearest,OnArrival,5,31,15849,Node_543,33,0,-5,33,-5,,,,,,,,,
47,VISIT,3067,Nearest,OnArrival,5,31,15849,Node_543,33,0,-5,33,-5,,,,,,,,,
47,VISIT,3065,Nearest,OnArrival,5,32,15865,Node_548,34,0,-5,34,-5,,,,,,,,,
47,VISIT,3067,Nearest,OnArrival,5,32,15865,Node_548,34,0,-5,34,-5,,,,,,,,,
47,VISIT,3068,Nearest,OnArrival,5,26,15865,Node_540,34,0,-1,34,-1,,,,,,,,,
47,VISIT,3068,Nearest,OnArrival,5,27,15882,Node_533,33,0,-1,33,-1,,,,,,,,,
47,VISIT,3068,Nearest,OnArrival,5,28,15899,Node_535,33,0,-2,33,-2,,,,,,,,,
47,VISIT,3065,Nearest,OnArrival,5,33,15916,Node_546,34,0,-4,34,-4,,,,,,,,,
47,VISIT,3067,Nearest,OnArrival,5,33,15916,Node_546,34,0,-4,34,-4,,,,,,,,,
47,VISIT,3068,Nearest,OnArrival,5,29,15916,Node_542,34,0,-2,34,-2,,,,,,,,,
47,VISIT,3065,Nearest,OnArrival,5,34,15933,Node_541,33,0,-4,33,-4,,,,,,,,,
47,VISIT,3067,Nearest,OnArrival,5,34,15933,Node_541,33,0,-4,33,-4,,,,,,,,,
47,VISIT,3068,Nearest,OnArrival,5,30,15933,Node_544,34,0,-3,34,-3,,,,,,,,,
47,VISIT,3065,Nearest,OnArrival,5,35,15950,Node_538,33,0,-3,33,-3,,,,,,,,,
47,VISIT,3067,Nearest,OnArrival,5,35,15950,Node_538,33,0,-3,33,-3,,,,,,,,,
47,VISIT,3068,Nearest,OnArrival,5,31,15950,Node_538,33,0,-3,33,-3,,,,,,,,,
47,VISIT,3069,Nearest,OnArrival,5,0,15955,Node_6,19,0,12,19,12,,,,,,,,,
47,VISIT,3070,Nearest,OnArrival,5,0,15955,Node_7,19,0,8,19,8,,,,,,,,,
47,VISIT,3071,Nearest,OnArrival,5,0,15955,Node_8,17,0,10,17,10,,,,,,,,,
47,VISIT,3072,Nearest,OnArrival,5,0,15955,Node_9,21,0,10,21,10,,,,,,,,,
47,VISIT,3065,Nearest,OnArrival,5,36,15959,Node_544,34,0,-3,34,-3,,,,,,,,,
47,VISIT,3067,Nearest,OnArrival,5,36,15959,Node_544,34,0,-3,34,-3,,,,,,,,,
47,VISIT,3068,Nearest,OnArrival,5,32,15959,Node_541,33,0,-4,33,-4,,,,,,,,,
47,VISIT,3069,Nearest,OnArrival,5,1,15963,Node_2,19,0,11,19,11,,,,,,,,,
47,VISIT,3070,Nearest,OnArrival,5,1,15963,Node_47,20,0,8,20,8,,,,,,,,,
47,VISIT,3071,Nearest,OnArrival,5,1,15963,Node_4,18,0,10,18,10,,,,,,,,,
47,VISIT,3072,Nearest,OnArrival,5,1,15963,Node_48,21,0,9,21,9,,,,,,,,,
47,VISIT,3065,Nearest,OnArrival,5,37,15968,Node_546,34,0,-4,34,-4,,,,,,,,,
47,VISIT,3067,Nearest,OnArrival,5,37,15968,Node_546,34,0,-4,34,-4,,,,,,,,,
47,VISIT,3068,Nearest,OnArrival,5,33,15968,Node_546,34,0,-4,34,-4,,,,,,,,,
47,VISIT,3069,Nearest,OnArrival,5,2,15972,Node_20,19,0,10,19,10,,,,,,,,,
47,VISIT,3070,Nearest,OnArrival,5,2,15972,Node_52,21,0,8,21,8,,,,,,,,,
47,VISIT,3071,Nearest,OnArrival,5,2,15972,Node_15,18,0,9,18,9,,,,,,,,,
47,VISIT,3072,Nearest,OnArrival,5,2,15972,Node_88,22,0,9,22,9,,,,,,,,,
47,VISIT,3065,Nearest,OnArrival,5,38,15977,Node_585,35,0,-4,35,-4,,,,,,,,,
47,VISIT,3067,Nearest,OnArrival,5,38,15977,Node_585,35,0,-4,35,-4,,,,,,,,,
47,VISIT,3068,Nearest,OnArrival,5,34,15977,Node_585,35,0,-4,35,-4,,,,,,,,,
47,VISIT,3069,Nearest,OnArrival,5,3,15981,Node_3,19,0,9,19,9,,,,,,,,,
47,VISIT,3070,Nearest,OnArrival,5,3,15981,Node_55,21,0,7,21,7,,,,,,,,,
47,VISIT,3071,Nearest,OnArrival,5,3,15981,Node_3,19,0,9,19,9,,,,,,,,,
47,VISIT,3072,Nearest,OnArrival,5,3,15981,Node_129,23,0,9,23,9,,,,,,,,,
47,VISIT,3069,Nearest,OnArrival,5,4,15990,Node_50,20,0,9,20,9,,,,,,,,,
47,VISIT,3070,Nearest,OnArrival,5,4,15990,Node_59,21,0,6,21,6,,,,,,,,,
47,VISIT,3071,Nearest,OnArrival,5,4,15990,Node_50,20,0,9,20,9,,,,,,,,,
47,VISIT,3069,Nearest,OnArrival,5,5,16000,Node_48,21,0,9,21,9,,,,,,,,,
47,VISIT,3070,Nearest,OnArrival,5,5,16000,Node_61,21,0,5,21,5,,,,,,,,,
47,VISIT,3071,Nearest,OnArrival,5,5,16000,Node_48,21,0,9,21,9,,,,,,,,,
47,VISIT,3072,Nearest,OnArrival,5,4,16000,Node_136,25,0,9,25,9,,,,,,,,,
47,VISIT,3065,Nearest,OnArrival,5,39,16005,Node_584,35,0,-5,35,-5,,,,,,,,,
47,VISIT,3067,Nearest,OnArrival,5,39,16005,Node_584,35,0,-5,35,-5,,,,,,,,,
47,VISIT,3068,Nearest,OnArrival,5,35,16005,Node_584,35,0,-5,35,-5,,,,,,,,,
47,VISIT,3069,Nearest,OnArrival,5,6,16010,Node_88,22,0,9,22,9,,,,,,,,,
47,VISIT,3070,Nearest,OnArrival,5,6,16010,Node_132,22,0,5,22,5,,,,,,,,,
47,VISIT,3071,Nearest,OnArrival,5,6,16010,Node_88,22,0,9,22,9,,,,,,,,,
47,VISIT,3072,Nearest,OnArrival,5,5,16010,Node_139,25,0,8,25,8,,,,,,,,,
47,VISIT,3065,Nearest,OnArrival,5,40,16015,Node_587,36,0,-5,36,-5,,,,,,,,,
47,VISIT,3067,Nearest,OnArrival,5,40,16015,Node_587,36,0,-5,36,-5,,,,,,,,,
47,VISIT,3068,Nearest,OnArrival,5,36,16015,Node_587,36,0,-5,36,-5,,,,,,,,,
47,VISIT,3069,Nearest,OnArrival,5,7,16020,Node_129,23,0,9,23,9,,,,,,,,,
47,VISIT,3070,Nearest,OnArrival,5,7,16020,Node_263,23,0,5,23,5,,,,,,,,,
47,VISIT,3071,Nearest,OnArrival,5,7,16020,Node_129,23,0,9,23,9,,,,,,,,,
47,VISIT,3072,Nearest,OnArrival,5,6,16020,Node_143,25,0,7,25,7,,,,,,,,,
47,VISIT,3070,Nearest,OnArrival,5,8,16032,Node_265,23,0,4,23,4,,,,,,,,,
47,VISIT,3072,Nearest,OnArrival,5,7,16032,Node_147,25,0,6,25,6,,,,,,,,,
47,VISIT,3069,Nearest,OnArrival,5,8,16047,Node_136,25,0,9,25,9,,,,,,,,,
47,VISIT,3070,Nearest,OnArrival,5,9,16047,Node_267,23,0,3,23,3,,,,,,,,,
47,VISIT,3071,Nearest,OnArrival,5,8,16047,Node_136,25,0,9,25,9,,,,,,,,,
47,VISIT,3072,Nearest,OnArrival,5,8,16047,Node_151,25,0,5,25,5,,,,,,,,,
47,VISIT,3069,Nearest,OnArrival,5,9,16059,Node_139,25,0,8,25,8,,,,,,,,,
47,VISIT,3070,Nearest,OnArrival,5,10,16059,Node_269,23,0,2,23,2,,,,,,,,,
47,VISIT,3071,Nearest,OnArrival,5,9,16059,Node_139,25,0,8,25,8,,,,,,,,,
47,VISIT,3072,Nearest,OnArrival,5,9,16059,Node_255,26,0,5,26,5,,,,,,,,,
47,VISIT,3069,Nearest,OnArrival,5,10,16071,Node_143,25,0,7,25,7,,,,,,,,,
47,VISIT,3070,Nearest,OnArrival,5,11,16071,Node_268,23,0,1,23,1,,,,,,,,,
47,VISIT,3071,Nearest,OnArrival,5,10,16071,Node_143,25,0,7,25,7,,,,,,,,,
47,VISIT,3072,Nearest,OnArrival,5,10,16071,Node_299,27,0,5,27,5,,,,,,,,,
47,VISIT,3069,Nearest,OnArrival,5,11,16085,Node_147,25,0,6,25,6,,,,,,,,,
47,VISIT,3070,Nearest,OnArrival,5,12,16085,Node_270,23,0,0,23,0,,,,,,,,,
47,VISIT,3071,Nearest,OnArrival,5,11,16085,Node_147,25,0,6,25,6,,,,,,,,,
47,VISIT,3072,Nearest,OnArrival,5,11,16085,Node_307,28,0,5,28,5,,,,,,,,,
47,VISIT,3069,Nearest,OnArrival,5,12,16098,Node_151,25,0,5,25,5,,,,,,,,,
47,VISIT,3070,Nearest,OnArrival,5,13,16098,Node_271,23,0,-1,23,-1,,,,,,,,,
47,VISIT,3071,Nearest,OnArrival,5,12,16098,Node_151,25,0,5,25,5,,,,,,,,,
47,VISIT,3069,Nearest,OnArrival,5,13,16112,Node_255,26,0,5,26,5,,,,,,,,,
47,VISIT,3070,Nearest,OnArrival,5,14,16112,Node_392,22,0,-1,22,-1,,,,,,,,,
47,VISIT,3071,Nearest,OnArrival,5,13,16112,Node_255,26,0,5,26,5,,,,,,,,,
47,VISIT,3072,Nearest,OnArrival,5,12,16112,Node_313,28,0,3,28,3,,,,,,,,,
47,VISIT,3069,Nearest,OnArrival,5,14,16126,Node_299,27,0,5,27,5,,,,,,,,,
47,VISIT,3070,Nearest,OnArrival,5,15,16126,Node_277,22,0,-2,22,-2,,,,,,,,,
47,VISIT,3071,Nearest,OnArrival,5,14,16126,Node_299,27,0,5,27,5,,,,,,,,,
47,VISIT,3072,Nearest,OnArrival,5,13,16126,Node_365,29,0,3,29,3,,,,,,,,,
47,VISIT,3067,Nearest,OnArrival,5,41,16137,Node_549,37,0,3,37,3,,,,,,,,,
47,VISIT,3068,Nearest,OnArrival,5,37,16137,Node_549,37,0,3,37,3,,,,,,,,,
47,VISIT,3069,Nearest,OnArrival,5,15,16143,Node_307,28,0,5,28,5,,,,,,,,,
47,VISIT,3070,Nearest,OnArrival,5,16,16143,Node_272,23,0,-2,23,-2,,,,,,,,,
47,VISIT,3071,Nearest,OnArrival,5,15,16143,Node_307,28,0,5,28,5,,,,,,,,,
47,VISIT,3070,Nearest,OnArrival,5,17,16160,Node_390,24,0,-2,24,-2,,,,,,,,,
47,VISIT,3069,Nearest,OnArrival,5,16,16177,Node_313,28,0,3,28,3,,,,,,,,,
47,VISIT,3071,Nearest,OnArrival,5,16,16177,Node_313,28,0,3,28,3,,,,,,,,,
47,VISIT,3072,Nearest,OnArrival,5,14,16177,Node_411,32,0,3,32,3,,,,,,,,,
47,VISIT,3069,Nearest,OnArrival,5,17,16193,Node_365,29,0,3,29,3,,,,,,,,,
47,VISIT,3070,Nearest,OnArrival,5,18,16193,Node_378,26,0,-2,26,-2,,,,,,,,,
47,VISIT,3071,Nearest,OnArrival,5,17,16193,Node_365,29,0,3,29,3,,,,,,,,,
47,VISIT,3072,Nearest,OnArrival,5,15,16193,Node_526,33,0,3,33,3,,,,,,,,,
47,VISIT,3070,Nearest,OnArrival,5,19,16210,Node_377,26,0,-3,26,-3,,,,,,,,,
47,VISIT,3072,Nearest,OnArrival,5,16,16210,Node_527,33,0,2,33,2,,,,,,,,,
47,VISIT,3070,Nearest,OnArrival,5,20,16226,Node_372,27,0,-3,27,-3,,,,,,,,,
47,VISIT,3072,Nearest,OnArrival,5,17,16226,Node_532,34,0,2,34,2,,,,,,,,,
47,VISIT,3069,Nearest,OnArrival,5,18,16242,Node_411,32,0,3,32,3,,,,,,,,,
47,VISIT,3070,Nearest,OnArrival,5,21,16242,Node_373,27,0,-4,27,-4,,,,,,,,,
47,VISIT,3071,Nearest,OnArrival,5,18,16242,Node_411,32,0,3,32,3,,,,,,,,,
47,VISIT,3072,Nearest,OnArrival,5,18,16242,Node_534,34,0,1,34,1,,,,,,,,,
47,VISIT,3069,Nearest,OnArrival,5,19,16257,Node_526,33,0,3,33,3,,,,,,,,,
47,VISIT,3070,Nearest,OnArrival,5,22,16257,Node_376,26,0,-4,26,-4,,,,,,,,,
47,VISIT,3071,Nearest,OnArrival,5,19,16257,Node_526,33,0,3,33,3,,,,,,,,,
47,VISIT,3072,Nearest,OnArrival,5,19,16257,Node_529,33,0,1,33,1,,,,,,,,,
47,VISIT,3069,Nearest,OnArrival,5,20,16273,Node_527,33,0,2,33,2,,,,,,,,,
47,VISIT,3070,Nearest,OnArrival,5,23,16273,Node_375,26,0,-5,26,-5,,,,,,,,,
47,VISIT,3071,Nearest,OnArrival,5,20,16273,Node_527,33,0,2,33,2,,,,,,,,,
47,VISIT,3072,Nearest,OnArrival,5,20,16273,Node_576,32,0,1,32,1,,,,,,,,,
47,VISIT,3069,Nearest,OnArrival,5,21,16289,Node_529,33,0,1,33,1,,,,,,,,,
47,VISIT,3071,Nearest,OnArrival,5,21,16289,Node_529,33,0,1,33,1,,,,,,,,,
47,VISIT,3072,Nearest,OnArrival,5,21,16289,Node_578,32,0,0,32,0,,,,,,,,,
47,VISIT,3068,Nearest,OnArrival,5,38,16299,Node_588,37,0,-5,37,-5,,,,,,,,,
47,VISIT,3069,Nearest,OnArrival,5,22,16306,Node_531,33,0,0,33,0,,,,,,,,,
47,VISIT,3071,Nearest,OnArrival,5,22,16306,Node_531,33,0,0,33,0,,,,,,,,,
47,VISIT,3072,Nearest,OnArrival,5,22,16306,Node_531,33,0,0,33,0,,,,,,,,,
47,VISIT,3068,Nearest,OnArrival,5,39,16314,Node_589,37,0,-4,37,-4,,,,,,,,,
47,VISIT,3069,Nearest,OnArrival,5,23,16322,Node_537,34,0,0,34,0,,,,,,,,,
47,VISIT,3071,Nearest,OnArrival,5,23,16322,Node_537,34,0,0,34,0,,,,,,,,,
47,VISIT,3072,Nearest,OnArrival,5,23,16322,Node_537,34,0,0,34,0,,,,,,,,,
47,VISIT,3068,Nearest,OnArrival,5,40,16331,Node_586,36,0,-4,36,-4,,,,,,,,,
47,VISIT,3069,Nearest,OnArrival,5,24,16339,Node_582,35,0,0,35,0,,,,,,,,,
47,VISIT,3070,Nearest,OnArrival,5,24,16339,Node_375,26,0,-5,26,-5,,,,,,,,,
47,VISIT,3071,Nearest,OnArrival,5,24,16339,Node_582,35,0,0,35,0,,,,,,,,,
47,VISIT,3072,Nearest,OnArrival,5,24,16339,Node_582,35,0,0,35,0,,,,,,,,,
47,VISIT,3068,Nearest,OnArrival,5,41,16347,Node_589,37,0,-4,37,-4,,,,,,,,,
47,VISIT,3070,Nearest,OnArrival,5,25,16355,Node_374,27,0,-5,27,-5,,,,,,,,,
47,VISIT,3068,Nearest,OnArrival,5,42,16363,Node_603,38,0,-4,38,-4,,,,,,,,,
47,VISIT,3069,Nearest,OnArrival,5,25,16371,Node_593,37,0,0,37,0,,,,,,,,,
47,VISIT,3070,Nearest,OnArrival,5,26,16371,Node_373,27,0,-4,27,-4,,,,,,,,,
47,VISIT,3071,Nearest,OnArrival,5,25,16371,Node_593,37,0,0,37,0,,,,,,,,,
47,VISIT,3072,Nearest,OnArrival,5,25,16371,Node_593,37,0,0,37,0,,,,,,,,,
47,VISIT,3068,Nearest,OnArrival,5,43,16379,Node_602,38,0,-3,38,-3,,,,,,,,,
47,VISIT,3069,Nearest,OnArrival,5,26,16387,Node_599,38,0,0,38,0,,,,,,,,,
47,VISIT,3070,Nearest,OnArrival,5,27,16387,Node_372,27,0,-3,27,-3,,,,,,,,,
47,VISIT,3071,Nearest,OnArrival,5,26,16387,Node_599,38,0,0,38,0,,,,,,,,,
47,VISIT,3072,Nearest,OnArrival,5,26,16387,Node_599,38,0,0,38,0,,,,,,,,,
47,VISIT,3068,Nearest,OnArrival,5,44,16395,Node_590,37,0,-3,37,-3,,,,,,,,,
47,VISIT,3070,Nearest,OnArrival,5,28,16403,Node_325,27,0,-2,27,-2,,,,,,,,,
47,VISIT,3068,Nearest,OnArrival,5,45,16412,Node_591,37,0,-2,37,-2,,,,,,,,,
47,VISIT,3070,Nearest,OnArrival,5,29,16419,Node_378,26,0,-2,26,-2,,,,,,,,,
47,VISIT,3068,Nearest,OnArrival,5,46,16428,Node_601,38,0,-2,38,-2,,,,,,,,,
47,VISIT,3069,Nearest,OnArrival,5,27,16435,Node_1,39,0,2,39,2,,,,,,,,,
47,VISIT,3071,Nearest,OnArrival,5,27,16435,Node_1,39,0,2,39,2,,,,,,,,,
47,VISIT,3072,Nearest,OnArrival,5,27,16435,Node_1,39,0,2,39,2,,,,,,,,,
47,SUMMARY,,Nearest,OnArrival,,,,,,,,,,39,2,607,-1,783380.000,2432,0,0.000,0.000
